序號,答案
20240117090001,392.24276
20240117091001,529.37913
20240117092001,575.31842
20240117093001,579.38201
20240117094001,697.71044
20240117095001,637.95192
20240117100001,423.14676
20240117101001,565.90911
20240117102001,670.07944
20240117103001,637.38934
20240117104001,469.65528
20240117105001,471.6237
20240117110001,416.79432
20240117111001,428.93023
20240117112001,427.88281
20240117113001,375.6976
20240117114001,352.45531
20240117115001,298.64836
20240117120001,245.60383
20240117121001,240.89602
20240117122001,230.06164
20240117123001,216.56202
20240117124001,211.59689
20240117125001,211.1748
20240117130001,213.9305
20240117131001,211.0093
20240117132001,212.75677
20240117133001,208.60952
20240117134001,204.81036
20240117135001,205.19398
20240117140001,205.78291
20240117141001,202.94977
20240117142001,199.51815
20240117143001,200.12823
20240117144001,197.19195
20240117145001,196.4958
20240117150001,194.19279
20240117151001,193.2399
20240117152001,191.51692
20240117153001,189.57514
20240117154001,188.8649
20240117155001,189.04878
20240117160001,235.02167
20240117161001,245.12166
20240117162001,264.8412
20240117163001,265.70953
20240117164001,284.71354
20240117165001,389.38236
20240119090001,312.48914
20240119091001,407.55643
20240119092001,473.29643
20240119093001,604.7173
20240119094001,602.57379
20240119095001,716.37989
20240119100001,742.88947
20240119101001,484.85828
20240119102001,422.59197
20240119103001,553.35168
20240119104001,470.21655
20240119105001,432.92589
20240119110001,416.79432
20240119111001,428.93023
20240119112001,427.88281
20240119113001,375.6976
20240119114001,352.45531
20240119115001,298.64836
20240119120001,245.60383
20240119121001,240.89602
20240119122001,230.06164
20240119123001,216.56202
20240119124001,211.59689
20240119125001,211.1748
20240119130001,213.9305
20240119131001,211.0093
20240119132001,212.75677
20240119133001,208.60952
20240119134001,204.81036
20240119135001,205.19398
20240119140001,205.78291
20240119141001,202.94977
20240119142001,199.51815
20240119143001,200.12823
20240119144001,197.19195
20240119145001,196.4958
20240119150001,194.19279
20240119151001,193.2399
20240119152001,191.51692
20240119153001,189.57514
20240119154001,188.8649
20240119155001,189.04878
20240119160001,235.02167
20240119161001,245.12166
20240119162001,264.8412
20240119163001,265.70953
20240119164001,284.71354
20240119165001,389.38236
20240224090001,327.71348
20240224091001,526.89966
20240224092001,531.38525
20240224093001,536.18003
20240224094001,705.63142
20240224095001,672.77892
20240224100001,493.63295
20240224101001,582.91536
20240224102001,675.77765
20240224103001,637.28063
20240224104001,436.0097
20240224105001,478.21177
20240224110001,416.79432
20240224111001,428.93023
20240224112001,427.88281
20240224113001,375.6976
20240224114001,352.45531
20240224115001,298.64836
20240224120001,245.60383
20240224121001,240.89602
20240224122001,230.06164
20240224123001,216.56202
20240224124001,211.59689
20240224125001,211.1748
20240224130001,213.9305
20240224131001,211.0093
20240224132001,212.75677
20240224133001,208.60952
20240224134001,204.81036
20240224135001,205.19398
20240224140001,205.78291
20240224141001,202.94977
20240224142001,199.51815
20240224143001,200.12823
20240224144001,197.19195
20240224145001,196.4958
20240224150001,194.19279
20240224151001,193.2399
20240224152001,191.51692
20240224153001,189.57514
20240224154001,188.8649
20240224155001,189.04878
20240224160001,235.02167
20240224161001,245.12166
20240224162001,264.8412
20240224163001,265.70953
20240224164001,284.71354
20240224165001,389.38236
20240226090001,286.16249
20240226091001,488.85829
20240226092001,481.90818
20240226093001,544.09589
20240226094001,720.24227
20240226095001,619.45963
20240226100001,413.64971
20240226101001,559.47142
20240226102001,701.61355
20240226103001,638.13264
20240226104001,468.04057
20240226105001,478.05373
20240226110001,416.79432
20240226111001,428.93023
20240226112001,427.88281
20240226113001,375.6976
20240226114001,352.45531
20240226115001,298.64836
20240226120001,245.60383
20240226121001,240.89602
20240226122001,230.06164
20240226123001,216.56202
20240226124001,211.59689
20240226125001,211.1748
20240226130001,213.9305
20240226131001,211.0093
20240226132001,212.75677
20240226133001,208.60952
20240226134001,204.81036
20240226135001,205.19398
20240226140001,205.78291
20240226141001,202.94977
20240226142001,199.51815
20240226143001,200.12823
20240226144001,197.19195
20240226145001,196.4958
20240226150001,194.19279
20240226151001,193.2399
20240226152001,191.51692
20240226153001,189.57514
20240226154001,188.8649
20240226155001,189.04878
20240226160001,235.02167
20240226161001,245.12166
20240226162001,264.8412
20240226163001,265.70953
20240226164001,284.71354
20240226165001,389.38236
20240327090001,277.55775
20240327091001,368.0778
20240327092001,385.69313
20240327093001,492.3246
20240327094001,619.00364
20240327095001,667.05637
20240327100001,683.89682
20240327101001,585.84497
20240327102001,625.25756
20240327103001,692.95287
20240327104001,474.96333
20240327105001,505.55203
20240327110001,416.79432
20240327111001,428.93023
20240327112001,427.88281
20240327113001,375.6976
20240327114001,352.45531
20240327115001,298.64836
20240327120001,245.60383
20240327121001,240.89602
20240327122001,230.06164
20240327123001,216.56202
20240327124001,211.59689
20240327125001,211.1748
20240327130001,213.9305
20240327131001,211.0093
20240327132001,212.75677
20240327133001,208.60952
20240327134001,204.81036
20240327135001,205.19398
20240327140001,205.78291
20240327141001,202.94977
20240327142001,199.51815
20240327143001,200.12823
20240327144001,197.19195
20240327145001,196.4958
20240327150001,194.19279
20240327151001,193.2399
20240327152001,191.51692
20240327153001,189.57514
20240327154001,188.8649
20240327155001,189.04878
20240327160001,235.02167
20240327161001,245.12166
20240327162001,264.8412
20240327163001,265.70953
20240327164001,284.71354
20240327165001,389.38236
20240329090001,204.13958
20240329091001,306.30325
20240329092001,419.12121
20240329093001,625.58513
20240329094001,709.7039
20240329095001,640.91095
20240329100001,441.24982
20240329101001,532.04705
20240329102001,596.23443
20240329103001,679.1969
20240329104001,476.44314
20240329105001,498.84875
20240329110001,416.79432
20240329111001,428.93023
20240329112001,427.88281
20240329113001,375.6976
20240329114001,352.45531
20240329115001,298.64836
20240329120001,245.60383
20240329121001,240.89602
20240329122001,230.06164
20240329123001,216.56202
20240329124001,211.59689
20240329125001,211.1748
20240329130001,213.9305
20240329131001,211.0093
20240329132001,212.75677
20240329133001,208.60952
20240329134001,204.81036
20240329135001,205.19398
20240329140001,205.78291
20240329141001,202.94977
20240329142001,199.51815
20240329143001,200.12823
20240329144001,197.19195
20240329145001,196.4958
20240329150001,194.19279
20240329151001,193.2399
20240329152001,191.51692
20240329153001,189.57514
20240329154001,188.8649
20240329155001,189.04878
20240329160001,235.02167
20240329161001,245.12166
20240329162001,264.8412
20240329163001,265.70953
20240329164001,284.71354
20240329165001,389.38236
20240428090001,376.29319
20240428091001,384.54066
20240428092001,481.46306
20240428093001,594.08172
20240428094001,648.52739
20240428095001,721.48335
20240428100001,587.70155
20240428101001,554.1635
20240428102001,633.43303
20240428103001,706.54971
20240428104001,487.2452
20240428105001,505.71187
20240428110001,416.79432
20240428111001,428.93023
20240428112001,427.88281
20240428113001,375.6976
20240428114001,352.45531
20240428115001,298.64836
20240428120001,245.60383
20240428121001,240.89602
20240428122001,230.06164
20240428123001,216.56202
20240428124001,211.59689
20240428125001,211.1748
20240428130001,213.9305
20240428131001,211.0093
20240428132001,212.75677
20240428133001,208.60952
20240428134001,204.81036
20240428135001,205.19398
20240428140001,205.78291
20240428141001,202.94977
20240428142001,199.51815
20240428143001,200.12823
20240428144001,197.19195
20240428145001,196.4958
20240428150001,194.19279
20240428151001,193.2399
20240428152001,191.51692
20240428153001,189.57514
20240428154001,188.8649
20240428155001,189.04878
20240428160001,235.02167
20240428161001,245.12166
20240428162001,264.8412
20240428163001,265.70953
20240428164001,284.71354
20240428165001,389.38236
20240430090001,735.20252
20240430091001,226.15949
20240430092001,359.07742
20240430093001,675.98175
20240430094001,778.37699
20240430095001,988.9646
20240430100001,981.27254
20240430101001,542.64343
20240430102001,408.71926
20240430103001,490.70164
20240430104001,476.73897
20240430105001,553.96265
20240430110001,416.79432
20240430111001,428.93023
20240430112001,427.88281
20240430113001,375.6976
20240430114001,352.45531
20240430115001,298.64836
20240430120001,245.60383
20240430121001,240.89602
20240430122001,230.06164
20240430123001,216.56202
20240430124001,211.59689
20240430125001,211.1748
20240430130001,213.9305
20240430131001,211.0093
20240430132001,212.75677
20240430133001,208.60952
20240430134001,204.81036
20240430135001,205.19398
20240430140001,205.78291
20240430141001,202.94977
20240430142001,199.51815
20240430143001,200.12823
20240430144001,197.19195
20240430145001,196.4958
20240430150001,194.19279
20240430151001,193.2399
20240430152001,191.51692
20240430153001,189.57514
20240430154001,188.8649
20240430155001,189.04878
20240430160001,235.02167
20240430161001,245.12166
20240430162001,264.8412
20240430163001,265.70953
20240430164001,284.71354
20240430165001,389.38236
20240515090001,662.39423
20240515091001,262.50456
20240515092001,518.35642
20240515093001,769.57748
20240515094001,722.99416
20240515095001,928.40473
20240515100001,987.45278
20240515101001,634.7949
20240515102001,473.49375
20240515103001,546.38758
20240515104001,468.53728
20240515105001,566.59134
20240515110001,416.79432
20240515111001,428.93023
20240515112001,427.88281
20240515113001,375.6976
20240515114001,352.45531
20240515115001,298.64836
20240515120001,245.60383
20240515121001,240.89602
20240515122001,230.06164
20240515123001,216.56202
20240515124001,211.59689
20240515125001,211.1748
20240515130001,213.9305
20240515131001,211.0093
20240515132001,212.75677
20240515133001,208.60952
20240515134001,204.81036
20240515135001,205.19398
20240515140001,205.78291
20240515141001,202.94977
20240515142001,199.51815
20240515143001,200.12823
20240515144001,197.19195
20240515145001,196.4958
20240515150001,194.19279
20240515151001,193.2399
20240515152001,191.51692
20240515153001,189.57514
20240515154001,188.8649
20240515155001,189.04878
20240515160001,235.02167
20240515161001,245.12166
20240515162001,264.8412
20240515163001,265.70953
20240515164001,284.71354
20240515165001,389.38236
20240520090001,458.40154
20240520091001,397.7832
20240520092001,387.64819
20240520093001,556.52993
20240520094001,703.32788
20240520095001,848.63091
20240520100001,906.33026
20240520101001,623.81447
20240520102001,496.9032
20240520103001,596.95283
20240520104001,465.64029
20240520105001,505.94767
20240520110001,416.79432
20240520111001,428.93023
20240520112001,427.88281
20240520113001,375.6976
20240520114001,352.45531
20240520115001,298.64836
20240520120001,245.60383
20240520121001,240.89602
20240520122001,230.06164
20240520123001,216.56202
20240520124001,211.59689
20240520125001,211.1748
20240520130001,213.9305
20240520131001,211.0093
20240520132001,212.75677
20240520133001,208.60952
20240520134001,204.81036
20240520135001,205.19398
20240520140001,205.78291
20240520141001,202.94977
20240520142001,199.51815
20240520143001,200.12823
20240520144001,197.19195
20240520145001,196.4958
20240520150001,194.19279
20240520151001,193.2399
20240520152001,191.51692
20240520153001,189.57514
20240520154001,188.8649
20240520155001,189.04878
20240520160001,235.02167
20240520161001,245.12166
20240520162001,264.8412
20240520163001,265.70953
20240520164001,284.71354
20240520165001,389.38236
20240613090001,226.49861
20240613091001,371.82875
20240613092001,416.83425
20240613093001,597.79173
20240613094001,686.17531
20240613095001,718.86094
20240613100001,705.56571
20240613101001,623.64153
20240613102001,595.97485
20240613103001,711.49388
20240613104001,501.43703
20240613105001,537.09114
20240613110001,416.79432
20240613111001,428.93023
20240613112001,427.88281
20240613113001,375.6976
20240613114001,352.45531
20240613115001,298.64836
20240613120001,245.60383
20240613121001,240.89602
20240613122001,230.06164
20240613123001,216.56202
20240613124001,211.59689
20240613125001,211.1748
20240613130001,213.9305
20240613131001,211.0093
20240613132001,212.75677
20240613133001,208.60952
20240613134001,204.81036
20240613135001,205.19398
20240613140001,205.78291
20240613141001,202.94977
20240613142001,199.51815
20240613143001,200.12823
20240613144001,197.19195
20240613145001,196.4958
20240613150001,194.19279
20240613151001,193.2399
20240613152001,191.51692
20240613153001,189.57514
20240613154001,188.8649
20240613155001,189.04878
20240613160001,235.02167
20240613161001,245.12166
20240613162001,264.8412
20240613163001,265.70953
20240613164001,284.71354
20240613165001,389.38236
20240615090001,633.25347
20240615091001,242.28939
20240615092001,333.82309
20240615093001,806.25982
20240615094001,967.03217
20240615095001,799.43653
20240615100001,894.79821
20240615101001,707.96595
20240615102001,434.60737
20240615103001,490.50509
20240615104001,467.21919
20240615105001,552.20234
20240615110001,416.79432
20240615111001,428.93023
20240615112001,427.88281
20240615113001,375.6976
20240615114001,352.45531
20240615115001,298.64836
20240615120001,245.60383
20240615121001,240.89602
20240615122001,230.06164
20240615123001,216.56202
20240615124001,211.59689
20240615125001,211.1748
20240615130001,213.9305
20240615131001,211.0093
20240615132001,212.75677
20240615133001,208.60952
20240615134001,204.81036
20240615135001,205.19398
20240615140001,205.78291
20240615141001,202.94977
20240615142001,199.51815
20240615143001,200.12823
20240615144001,197.19195
20240615145001,196.4958
20240615150001,194.19279
20240615151001,193.2399
20240615152001,191.51692
20240615153001,189.57514
20240615154001,188.8649
20240615155001,189.04878
20240615160001,235.02167
20240615161001,245.12166
20240615162001,264.8412
20240615163001,265.70953
20240615164001,284.71354
20240615165001,389.38236
20240703090001,776.79871
20240703091001,297.33215
20240703092001,309.72612
20240703093001,837.8312
20240703094001,991.9994
20240703095001,707.78044
20240703100001,868.25915
20240703101001,485.06663
20240703102001,391.41837
20240703103001,469.53195
20240703104001,476.21088
20240703105001,559.84293
20240703110001,416.79432
20240703111001,428.93023
20240703112001,427.88281
20240703113001,375.6976
20240703114001,352.45531
20240703115001,298.64836
20240703120001,245.60383
20240703121001,240.89602
20240703122001,230.06164
20240703123001,216.56202
20240703124001,211.59689
20240703125001,211.1748
20240703130001,213.9305
20240703131001,211.0093
20240703132001,212.75677
20240703133001,208.60952
20240703134001,204.81036
20240703135001,205.19398
20240703140001,205.78291
20240703141001,202.94977
20240703142001,199.51815
20240703143001,200.12823
20240703144001,197.19195
20240703145001,196.4958
20240703150001,194.19279
20240703151001,193.2399
20240703152001,191.51692
20240703153001,189.57514
20240703154001,188.8649
20240703155001,189.04878
20240703160001,235.02167
20240703161001,245.12166
20240703162001,264.8412
20240703163001,265.70953
20240703164001,284.71354
20240703165001,389.38236
20240707090001,707.46751
20240707091001,238.05526
20240707092001,318.1924
20240707093001,770.18705
20240707094001,990.45408
20240707095001,643.40877
20240707100001,873.99601
20240707101001,632.7723
20240707102001,400.63719
20240707103001,459.95155
20240707104001,453.80347
20240707105001,552.6724
20240707110001,416.79432
20240707111001,428.93023
20240707112001,427.88281
20240707113001,375.6976
20240707114001,352.45531
20240707115001,298.64836
20240707120001,245.60383
20240707121001,240.89602
20240707122001,230.06164
20240707123001,216.56202
20240707124001,211.59689
20240707125001,211.1748
20240707130001,213.9305
20240707131001,211.0093
20240707132001,212.75677
20240707133001,208.60952
20240707134001,204.81036
20240707135001,205.19398
20240707140001,205.78291
20240707141001,202.94977
20240707142001,199.51815
20240707143001,200.12823
20240707144001,197.19195
20240707145001,196.4958
20240707150001,194.19279
20240707151001,193.2399
20240707152001,191.51692
20240707153001,189.57514
20240707154001,188.8649
20240707155001,189.04878
20240707160001,235.02167
20240707161001,245.12166
20240707162001,264.8412
20240707163001,265.70953
20240707164001,284.71354
20240707165001,389.38236
20240125090002,228.93315
20240125091002,352.31512
20240125092002,347.8929
20240125093002,506.68136
20240125094002,555.47188
20240125095002,570.05206
20240125100002,437.01627
20240125101002,637.48456
20240125102002,670.23692
20240125103002,628.26026
20240125104002,454.06046
20240125105002,480.04096
20240125110002,416.79432
20240125111002,428.93023
20240125112002,427.88281
20240125113002,375.6976
20240125114002,352.45531
20240125115002,298.64836
20240125120002,245.60383
20240125121002,240.89602
20240125122002,230.06164
20240125123002,216.56202
20240125124002,211.59689
20240125125002,211.1748
20240125130002,213.9305
20240125131002,211.0093
20240125132002,212.75677
20240125133002,208.60952
20240125134002,204.81036
20240125135002,205.19398
20240125140002,205.78291
20240125141002,202.94977
20240125142002,199.51815
20240125143002,200.12823
20240125144002,197.19195
20240125145002,196.4958
20240125150002,194.19279
20240125151002,193.2399
20240125152002,191.51692
20240125153002,189.57514
20240125154002,188.8649
20240125155002,189.04878
20240125160002,235.02167
20240125161002,245.12166
20240125162002,264.8412
20240125163002,265.70953
20240125164002,284.71354
20240125165002,389.38236
20240128090002,206.76855
20240128091002,387.68426
20240128092002,428.95705
20240128093002,552.00542
20240128094002,641.80997
20240128095002,478.50244
20240128100002,400.21528
20240128101002,573.73824
20240128102002,673.93902
20240128103002,608.62952
20240128104002,451.05987
20240128105002,480.44415
20240128110002,416.79432
20240128111002,428.93023
20240128112002,427.88281
20240128113002,375.6976
20240128114002,352.45531
20240128115002,298.64836
20240128120002,245.60383
20240128121002,240.89602
20240128122002,230.06164
20240128123002,216.56202
20240128124002,211.59689
20240128125002,211.1748
20240128130002,213.9305
20240128131002,211.0093
20240128132002,212.75677
20240128133002,208.60952
20240128134002,204.81036
20240128135002,205.19398
20240128140002,205.78291
20240128141002,202.94977
20240128142002,199.51815
20240128143002,200.12823
20240128144002,197.19195
20240128145002,196.4958
20240128150002,194.19279
20240128151002,193.2399
20240128152002,191.51692
20240128153002,189.57514
20240128154002,188.8649
20240128155002,189.04878
20240128160002,235.02167
20240128161002,245.12166
20240128162002,264.8412
20240128163002,265.70953
20240128164002,284.71354
20240128165002,389.38236
20240213090002,832.10101
20240213091002,510.79715
20240213092002,506.12329
20240213093002,707.99152
20240213094002,800.72984
20240213095002,722.04454
20240213100002,637.55347
20240213101002,358.66554
20240213102002,377.19805
20240213103002,554.10191
20240213104002,557.83694
20240213105002,455.24068
20240213110002,416.79432
20240213111002,428.93023
20240213112002,427.88281
20240213113002,375.6976
20240213114002,352.45531
20240213115002,298.64836
20240213120002,245.60383
20240213121002,240.89602
20240213122002,230.06164
20240213123002,216.56202
20240213124002,211.59689
20240213125002,211.1748
20240213130002,213.9305
20240213131002,211.0093
20240213132002,212.75677
20240213133002,208.60952
20240213134002,204.81036
20240213135002,205.19398
20240213140002,205.78291
20240213141002,202.94977
20240213142002,199.51815
20240213143002,200.12823
20240213144002,197.19195
20240213145002,196.4958
20240213150002,194.19279
20240213151002,193.2399
20240213152002,191.51692
20240213153002,189.57514
20240213154002,188.8649
20240213155002,189.04878
20240213160002,235.02167
20240213161002,245.12166
20240213162002,264.8412
20240213163002,265.70953
20240213164002,284.71354
20240213165002,389.38236
20240226090002,275.87422
20240226091002,458.73604
20240226092002,376.05136
20240226093002,477.57081
20240226094002,569.51467
20240226095002,602.99286
20240226100002,503.97051
20240226101002,639.83508
20240226102002,669.97472
20240226103002,637.88685
20240226104002,453.61045
20240226105002,478.87891
20240226110002,416.79432
20240226111002,428.93023
20240226112002,427.88281
20240226113002,375.6976
20240226114002,352.45531
20240226115002,298.64836
20240226120002,245.60383
20240226121002,240.89602
20240226122002,230.06164
20240226123002,216.56202
20240226124002,211.59689
20240226125002,211.1748
20240226130002,213.9305
20240226131002,211.0093
20240226132002,212.75677
20240226133002,208.60952
20240226134002,204.81036
20240226135002,205.19398
20240226140002,205.78291
20240226141002,202.94977
20240226142002,199.51815
20240226143002,200.12823
20240226144002,197.19195
20240226145002,196.4958
20240226150002,194.19279
20240226151002,193.2399
20240226152002,191.51692
20240226153002,189.57514
20240226154002,188.8649
20240226155002,189.04878
20240226160002,235.02167
20240226161002,245.12166
20240226162002,264.8412
20240226163002,265.70953
20240226164002,284.71354
20240226165002,389.38236
20240319090002,196.34925
20240319091002,392.16883
20240319092002,371.8735
20240319093002,549.60763
20240319094002,694.22967
20240319095002,605.98148
20240319100002,442.73204
20240319101002,534.48647
20240319102002,656.87363
20240319103002,714.63327
20240319104002,492.7762
20240319105002,505.13494
20240319110002,416.79432
20240319111002,428.93023
20240319112002,427.88281
20240319113002,375.6976
20240319114002,352.45531
20240319115002,298.64836
20240319120002,245.60383
20240319121002,240.89602
20240319122002,230.06164
20240319123002,216.56202
20240319124002,211.59689
20240319125002,211.1748
20240319130002,213.9305
20240319131002,211.0093
20240319132002,212.75677
20240319133002,208.60952
20240319134002,204.81036
20240319135002,205.19398
20240319140002,205.78291
20240319141002,202.94977
20240319142002,199.51815
20240319143002,200.12823
20240319144002,197.19195
20240319145002,196.4958
20240319150002,194.19279
20240319151002,193.2399
20240319152002,191.51692
20240319153002,189.57514
20240319154002,188.8649
20240319155002,189.04878
20240319160002,235.02167
20240319161002,245.12166
20240319162002,264.8412
20240319163002,265.70953
20240319164002,284.71354
20240319165002,389.38236
20240427090002,273.2968
20240427091002,377.17433
20240427092002,471.64201
20240427093002,590.8075
20240427094002,660.33651
20240427095002,657.07298
20240427100002,571.53146
20240427101002,557.68208
20240427102002,630.70647
20240427103002,704.17687
20240427104002,477.81826
20240427105002,504.89043
20240427110002,416.79432
20240427111002,428.93023
20240427112002,427.88281
20240427113002,375.6976
20240427114002,352.45531
20240427115002,298.64836
20240427120002,245.60383
20240427121002,240.89602
20240427122002,230.06164
20240427123002,216.56202
20240427124002,211.59689
20240427125002,211.1748
20240427130002,213.9305
20240427131002,211.0093
20240427132002,212.75677
20240427133002,208.60952
20240427134002,204.81036
20240427135002,205.19398
20240427140002,205.78291
20240427141002,202.94977
20240427142002,199.51815
20240427143002,200.12823
20240427144002,197.19195
20240427145002,196.4958
20240427150002,194.19279
20240427151002,193.2399
20240427152002,191.51692
20240427153002,189.57514
20240427154002,188.8649
20240427155002,189.04878
20240427160002,235.02167
20240427161002,245.12166
20240427162002,264.8412
20240427163002,265.70953
20240427164002,284.71354
20240427165002,389.38236
20240508090002,287.10529
20240508091002,336.39013
20240508092002,480.55909
20240508093002,553.49201
20240508094002,689.82939
20240508095002,839.44457
20240508100002,722.81232
20240508101002,633.12044
20240508102002,574.86866
20240508103002,681.59701
20240508104002,477.75843
20240508105002,504.98709
20240508110002,416.79432
20240508111002,428.93023
20240508112002,427.88281
20240508113002,375.6976
20240508114002,352.45531
20240508115002,298.64836
20240508120002,245.60383
20240508121002,240.89602
20240508122002,230.06164
20240508123002,216.56202
20240508124002,211.59689
20240508125002,211.1748
20240508130002,213.9305
20240508131002,211.0093
20240508132002,212.75677
20240508133002,208.60952
20240508134002,204.81036
20240508135002,205.19398
20240508140002,205.78291
20240508141002,202.94977
20240508142002,199.51815
20240508143002,200.12823
20240508144002,197.19195
20240508145002,196.4958
20240508150002,194.19279
20240508151002,193.2399
20240508152002,191.51692
20240508153002,189.57514
20240508154002,188.8649
20240508155002,189.04878
20240508160002,235.02167
20240508161002,245.12166
20240508162002,264.8412
20240508163002,265.70953
20240508164002,284.71354
20240508165002,389.38236
20240705090002,523.55088
20240705091002,204.47125
20240705092002,255.98187
20240705093002,832.81582
20240705094002,1005.35551
20240705095002,762.41945
20240705100002,873.39582
20240705101002,481.02238
20240705102002,382.35255
20240705103002,455.87428
20240705104002,476.39991
20240705105002,563.58221
20240705110002,416.79432
20240705111002,428.93023
20240705112002,427.88281
20240705113002,375.6976
20240705114002,352.45531
20240705115002,298.64836
20240705120002,245.60383
20240705121002,240.89602
20240705122002,230.06164
20240705123002,216.56202
20240705124002,211.59689
20240705125002,211.1748
20240705130002,213.9305
20240705131002,211.0093
20240705132002,212.75677
20240705133002,208.60952
20240705134002,204.81036
20240705135002,205.19398
20240705140002,205.78291
20240705141002,202.94977
20240705142002,199.51815
20240705143002,200.12823
20240705144002,197.19195
20240705145002,196.4958
20240705150002,194.19279
20240705151002,193.2399
20240705152002,191.51692
20240705153002,189.57514
20240705154002,188.8649
20240705155002,189.04878
20240705160002,235.02167
20240705161002,245.12166
20240705162002,264.8412
20240705163002,265.70953
20240705164002,284.71354
20240705165002,389.38236
20240707090002,515.89427
20240707091002,208.61323
20240707092002,260.07545
20240707093002,832.57718
20240707094002,1004.75778
20240707095002,761.43631
20240707100002,889.48219
20240707101002,513.68122
20240707102002,389.8912
20240707103002,465.95583
20240707104002,478.33592
20240707105002,563.47548
20240707110002,416.79432
20240707111002,428.93023
20240707112002,427.88281
20240707113002,375.6976
20240707114002,352.45531
20240707115002,298.64836
20240707120002,245.60383
20240707121002,240.89602
20240707122002,230.06164
20240707123002,216.56202
20240707124002,211.59689
20240707125002,211.1748
20240707130002,213.9305
20240707131002,211.0093
20240707132002,212.75677
20240707133002,208.60952
20240707134002,204.81036
20240707135002,205.19398
20240707140002,205.78291
20240707141002,202.94977
20240707142002,199.51815
20240707143002,200.12823
20240707144002,197.19195
20240707145002,196.4958
20240707150002,194.19279
20240707151002,193.2399
20240707152002,191.51692
20240707153002,189.57514
20240707154002,188.8649
20240707155002,189.04878
20240707160002,235.02167
20240707161002,245.12166
20240707162002,264.8412
20240707163002,265.70953
20240707164002,284.71354
20240707165002,389.38236
20240317090003,578.15522
20240317091003,328.84448
20240317092003,543.92051
20240317093003,620.29316
20240317094003,701.73917
20240317095003,840.56485
20240317100003,893.48795
20240317101003,559.82811
20240317102003,530.26491
20240317103003,578.00486
20240317104003,432.14099
20240317105003,470.623
20240317110003,416.79432
20240317111003,428.93023
20240317112003,427.88281
20240317113003,375.6976
20240317114003,352.45531
20240317115003,298.64836
20240317120003,245.60383
20240317121003,240.89602
20240317122003,230.06164
20240317123003,216.56202
20240317124003,211.59689
20240317125003,211.1748
20240317130003,213.9305
20240317131003,211.0093
20240317132003,212.75677
20240317133003,208.60952
20240317134003,204.81036
20240317135003,205.19398
20240317140003,205.78291
20240317141003,202.94977
20240317142003,199.51815
20240317143003,200.12823
20240317144003,197.19195
20240317145003,196.4958
20240317150003,194.19279
20240317151003,193.2399
20240317152003,191.51692
20240317153003,189.57514
20240317154003,188.8649
20240317155003,189.04878
20240317160003,235.02167
20240317161003,245.12166
20240317162003,264.8412
20240317163003,265.70953
20240317164003,284.71354
20240317165003,389.38236
20240414090003,816.42705
20240414091003,243.65769
20240414092003,437.71264
20240414093003,678.10427
20240414094003,703.92651
20240414095003,983.20301
20240414100003,992.99285
20240414101003,589.21473
20240414102003,468.15879
20240414103003,568.00614
20240414104003,495.20858
20240414105003,576.81704
20240414110003,416.79432
20240414111003,428.93023
20240414112003,427.88281
20240414113003,375.6976
20240414114003,352.45531
20240414115003,298.64836
20240414120003,245.60383
20240414121003,240.89602
20240414122003,230.06164
20240414123003,216.56202
20240414124003,211.59689
20240414125003,211.1748
20240414130003,213.9305
20240414131003,211.0093
20240414132003,212.75677
20240414133003,208.60952
20240414134003,204.81036
20240414135003,205.19398
20240414140003,205.78291
20240414141003,202.94977
20240414142003,199.51815
20240414143003,200.12823
20240414144003,197.19195
20240414145003,196.4958
20240414150003,194.19279
20240414151003,193.2399
20240414152003,191.51692
20240414153003,189.57514
20240414154003,188.8649
20240414155003,189.04878
20240414160003,235.02167
20240414161003,245.12166
20240414162003,264.8412
20240414163003,265.70953
20240414164003,284.71354
20240414165003,389.38236
20240524090003,253.80799
20240524091003,374.00969
20240524092003,472.6793
20240524093003,596.45736
20240524094003,719.63412
20240524095003,768.48609
20240524100003,525.46956
20240524101003,566.21756
20240524102003,631.55276
20240524103003,693.80651
20240524104003,475.90561
20240524105003,505.47255
20240524110003,416.79432
20240524111003,428.93023
20240524112003,427.88281
20240524113003,375.6976
20240524114003,352.45531
20240524115003,298.64836
20240524120003,245.60383
20240524121003,240.89602
20240524122003,230.06164
20240524123003,216.56202
20240524124003,211.59689
20240524125003,211.1748
20240524130003,213.9305
20240524131003,211.0093
20240524132003,212.75677
20240524133003,208.60952
20240524134003,204.81036
20240524135003,205.19398
20240524140003,205.78291
20240524141003,202.94977
20240524142003,199.51815
20240524143003,200.12823
20240524144003,197.19195
20240524145003,196.4958
20240524150003,194.19279
20240524151003,193.2399
20240524152003,191.51692
20240524153003,189.57514
20240524154003,188.8649
20240524155003,189.04878
20240524160003,235.02167
20240524161003,245.12166
20240524162003,264.8412
20240524163003,265.70953
20240524164003,284.71354
20240524165003,389.38236
20240526090003,249.83812
20240526091003,329.97066
20240526092003,388.18901
20240526093003,545.72779
20240526094003,692.12159
20240526095003,820.89426
20240526100003,671.91721
20240526101003,615.30687
20240526102003,590.02951
20240526103003,683.44585
20240526104003,471.26777
20240526105003,505.76286
20240526110003,416.79432
20240526111003,428.93023
20240526112003,427.88281
20240526113003,375.6976
20240526114003,352.45531
20240526115003,298.64836
20240526120003,245.60383
20240526121003,240.89602
20240526122003,230.06164
20240526123003,216.56202
20240526124003,211.59689
20240526125003,211.1748
20240526130003,213.9305
20240526131003,211.0093
20240526132003,212.75677
20240526133003,208.60952
20240526134003,204.81036
20240526135003,205.19398
20240526140003,205.78291
20240526141003,202.94977
20240526142003,199.51815
20240526143003,200.12823
20240526144003,197.19195
20240526145003,196.4958
20240526150003,194.19279
20240526151003,193.2399
20240526152003,191.51692
20240526153003,189.57514
20240526154003,188.8649
20240526155003,189.04878
20240526160003,235.02167
20240526161003,245.12166
20240526162003,264.8412
20240526163003,265.70953
20240526164003,284.71354
20240526165003,389.38236
20240603090003,209.71204
20240603091003,391.81779
20240603092003,462.09245
20240603093003,567.43337
20240603094003,711.29711
20240603095003,803.34931
20240603100003,689.45578
20240603101003,569.48225
20240603102003,633.15724
20240603103003,763.9512
20240603104003,505.44423
20240603105003,537.57154
20240603110003,416.79432
20240603111003,428.93023
20240603112003,427.88281
20240603113003,375.6976
20240603114003,352.45531
20240603115003,298.64836
20240603120003,245.60383
20240603121003,240.89602
20240603122003,230.06164
20240603123003,216.56202
20240603124003,211.59689
20240603125003,211.1748
20240603130003,213.9305
20240603131003,211.0093
20240603132003,212.75677
20240603133003,208.60952
20240603134003,204.81036
20240603135003,205.19398
20240603140003,205.78291
20240603141003,202.94977
20240603142003,199.51815
20240603143003,200.12823
20240603144003,197.19195
20240603145003,196.4958
20240603150003,194.19279
20240603151003,193.2399
20240603152003,191.51692
20240603153003,189.57514
20240603154003,188.8649
20240603155003,189.04878
20240603160003,235.02167
20240603161003,245.12166
20240603162003,264.8412
20240603163003,265.70953
20240603164003,284.71354
20240603165003,389.38236
20240620090003,778.5222
20240620091003,225.88602
20240620092003,309.81607
20240620093003,694.21855
20240620094003,919.02687
20240620095003,993.01238
20240620100003,983.06461
20240620101003,625.81227
20240620102003,462.94926
20240620103003,542.33766
20240620104003,474.3383
20240620105003,566.13756
20240620110003,416.79432
20240620111003,428.93023
20240620112003,427.88281
20240620113003,375.6976
20240620114003,352.45531
20240620115003,298.64836
20240620120003,245.60383
20240620121003,240.89602
20240620122003,230.06164
20240620123003,216.56202
20240620124003,211.59689
20240620125003,211.1748
20240620130003,213.9305
20240620131003,211.0093
20240620132003,212.75677
20240620133003,208.60952
20240620134003,204.81036
20240620135003,205.19398
20240620140003,205.78291
20240620141003,202.94977
20240620142003,199.51815
20240620143003,200.12823
20240620144003,197.19195
20240620145003,196.4958
20240620150003,194.19279
20240620151003,193.2399
20240620152003,191.51692
20240620153003,189.57514
20240620154003,188.8649
20240620155003,189.04878
20240620160003,235.02167
20240620161003,245.12166
20240620162003,264.8412
20240620163003,265.70953
20240620164003,284.71354
20240620165003,389.38236
20240420090004,907.75726
20240420091004,223.43803
20240420092004,303.9238
20240420093004,739.11498
20240420094004,791.89178
20240420095004,968.48601
20240420100004,982.02463
20240420101004,449.34948
20240420102004,400.22269
20240420103004,490.22298
20240420104004,434.93037
20240420105004,508.28315
20240420110004,416.79432
20240420111004,428.93023
20240420112004,427.88281
20240420113004,375.6976
20240420114004,352.45531
20240420115004,298.64836
20240420120004,245.60383
20240420121004,240.89602
20240420122004,230.06164
20240420123004,216.56202
20240420124004,211.59689
20240420125004,211.1748
20240420130004,213.9305
20240420131004,211.0093
20240420132004,212.75677
20240420133004,208.60952
20240420134004,204.81036
20240420135004,205.19398
20240420140004,205.78291
20240420141004,202.94977
20240420142004,199.51815
20240420143004,200.12823
20240420144004,197.19195
20240420145004,196.4958
20240420150004,194.19279
20240420151004,193.2399
20240420152004,191.51692
20240420153004,189.57514
20240420154004,188.8649
20240420155004,189.04878
20240420160004,235.02167
20240420161004,245.12166
20240420162004,264.8412
20240420163004,265.70953
20240420164004,284.71354
20240420165004,389.38236
20240422090004,757.1724
20240422091004,283.40558
20240422092004,483.78804
20240422093004,877.85856
20240422094004,857.23735
20240422095004,932.79113
20240422100004,988.89821
20240422101004,551.03008
20240422102004,483.98955
20240422103004,500.87024
20240422104004,468.08391
20240422105004,551.70401
20240422110004,416.79432
20240422111004,428.93023
20240422112004,427.88281
20240422113004,375.6976
20240422114004,352.45531
20240422115004,298.64836
20240422120004,245.60383
20240422121004,240.89602
20240422122004,230.06164
20240422123004,216.56202
20240422124004,211.59689
20240422125004,211.1748
20240422130004,213.9305
20240422131004,211.0093
20240422132004,212.75677
20240422133004,208.60952
20240422134004,204.81036
20240422135004,205.19398
20240422140004,205.78291
20240422141004,202.94977
20240422142004,199.51815
20240422143004,200.12823
20240422144004,197.19195
20240422145004,196.4958
20240422150004,194.19279
20240422151004,193.2399
20240422152004,191.51692
20240422153004,189.57514
20240422154004,188.8649
20240422155004,189.04878
20240422160004,235.02167
20240422161004,245.12166
20240422162004,264.8412
20240422163004,265.70953
20240422164004,284.71354
20240422165004,389.38236
20240513090004,192.64813
20240513091004,349.67827
20240513092004,456.86837
20240513093004,690.47222
20240513094004,798.85087
20240513095004,646.07277
20240513100004,526.83828
20240513101004,576.86169
20240513102004,626.3976
20240513103004,694.61227
20240513104004,482.11924
20240513105004,504.31575
20240513110004,416.79432
20240513111004,428.93023
20240513112004,427.88281
20240513113004,375.6976
20240513114004,352.45531
20240513115004,298.64836
20240513120004,245.60383
20240513121004,240.89602
20240513122004,230.06164
20240513123004,216.56202
20240513124004,211.59689
20240513125004,211.1748
20240513130004,213.9305
20240513131004,211.0093
20240513132004,212.75677
20240513133004,208.60952
20240513134004,204.81036
20240513135004,205.19398
20240513140004,205.78291
20240513141004,202.94977
20240513142004,199.51815
20240513143004,200.12823
20240513144004,197.19195
20240513145004,196.4958
20240513150004,194.19279
20240513151004,193.2399
20240513152004,191.51692
20240513153004,189.57514
20240513154004,188.8649
20240513155004,189.04878
20240513160004,235.02167
20240513161004,245.12166
20240513162004,264.8412
20240513163004,265.70953
20240513164004,284.71354
20240513165004,389.38236
20240515090004,727.21315
20240515091004,271.63086
20240515092004,547.03156
20240515093004,934.8344
20240515094004,865.01146
20240515095004,977.87898
20240515100004,987.15747
20240515101004,589.43601
20240515102004,487.71657
20240515103004,565.32316
20240515104004,475.79539
20240515105004,564.93584
20240515110004,416.79432
20240515111004,428.93023
20240515112004,427.88281
20240515113004,375.6976
20240515114004,352.45531
20240515115004,298.64836
20240515120004,245.60383
20240515121004,240.89602
20240515122004,230.06164
20240515123004,216.56202
20240515124004,211.59689
20240515125004,211.1748
20240515130004,213.9305
20240515131004,211.0093
20240515132004,212.75677
20240515133004,208.60952
20240515134004,204.81036
20240515135004,205.19398
20240515140004,205.78291
20240515141004,202.94977
20240515142004,199.51815
20240515143004,200.12823
20240515144004,197.19195
20240515145004,196.4958
20240515150004,194.19279
20240515151004,193.2399
20240515152004,191.51692
20240515153004,189.57514
20240515154004,188.8649
20240515155004,189.04878
20240515160004,235.02167
20240515161004,245.12166
20240515162004,264.8412
20240515163004,265.70953
20240515164004,284.71354
20240515165004,389.38236
20240629090004,712.0771
20240629091004,209.45716
20240629092004,298.56145
20240629093004,834.93693
20240629094004,977.61246
20240629095004,810.05346
20240629100004,936.51509
20240629101004,586.67572
20240629102004,416.37693
20240629103004,483.64257
20240629104004,468.52196
20240629105004,555.40947
20240629110004,416.79432
20240629111004,428.93023
20240629112004,427.88281
20240629113004,375.6976
20240629114004,352.45531
20240629115004,298.64836
20240629120004,245.60383
20240629121004,240.89602
20240629122004,230.06164
20240629123004,216.56202
20240629124004,211.59689
20240629125004,211.1748
20240629130004,213.9305
20240629131004,211.0093
20240629132004,212.75677
20240629133004,208.60952
20240629134004,204.81036
20240629135004,205.19398
20240629140004,205.78291
20240629141004,202.94977
20240629142004,199.51815
20240629143004,200.12823
20240629144004,197.19195
20240629145004,196.4958
20240629150004,194.19279
20240629151004,193.2399
20240629152004,191.51692
20240629153004,189.57514
20240629154004,188.8649
20240629155004,189.04878
20240629160004,235.02167
20240629161004,245.12166
20240629162004,264.8412
20240629163004,265.70953
20240629164004,284.71354
20240629165004,389.38236
20240704090004,817.42537
20240704091004,205.91214
20240704092004,303.02109
20240704093004,828.8078
20240704094004,972.75082
20240704095004,698.47621
20240704100004,899.74427
20240704101004,526.35552
20240704102004,396.56892
20240704103004,422.97004
20240704104004,434.50098
20240704105004,555.11829
20240704110004,416.79432
20240704111004,428.93023
20240704112004,427.88281
20240704113004,375.6976
20240704114004,352.45531
20240704115004,298.64836
20240704120004,245.60383
20240704121004,240.89602
20240704122004,230.06164
20240704123004,216.56202
20240704124004,211.59689
20240704125004,211.1748
20240704130004,213.9305
20240704131004,211.0093
20240704132004,212.75677
20240704133004,208.60952
20240704134004,204.81036
20240704135004,205.19398
20240704140004,205.78291
20240704141004,202.94977
20240704142004,199.51815
20240704143004,200.12823
20240704144004,197.19195
20240704145004,196.4958
20240704150004,194.19279
20240704151004,193.2399
20240704152004,191.51692
20240704153004,189.57514
20240704154004,188.8649
20240704155004,189.04878
20240704160004,235.02167
20240704161004,245.12166
20240704162004,264.8412
20240704163004,265.70953
20240704164004,284.71354
20240704165004,389.38236
20240509090005,259.51497
20240509091005,335.72192
20240509092005,325.23318
20240509093005,472.17559
20240509094005,566.026
20240509095005,723.84173
20240509100005,768.79464
20240509101005,659.67035
20240509102005,580.74031
20240509103005,662.39337
20240509104005,469.92575
20240509105005,504.86797
20240509110005,416.79432
20240509111005,428.93023
20240509112005,427.88281
20240509113005,375.6976
20240509114005,352.45531
20240509115005,298.64836
20240509120005,245.60383
20240509121005,240.89602
20240509122005,230.06164
20240509123005,216.56202
20240509124005,211.59689
20240509125005,211.1748
20240509130005,213.9305
20240509131005,211.0093
20240509132005,212.75677
20240509133005,208.60952
20240509134005,204.81036
20240509135005,205.19398
20240509140005,205.78291
20240509141005,202.94977
20240509142005,199.51815
20240509143005,200.12823
20240509144005,197.19195
20240509145005,196.4958
20240509150005,194.19279
20240509151005,193.2399
20240509152005,191.51692
20240509153005,189.57514
20240509154005,188.8649
20240509155005,189.04878
20240509160005,235.02167
20240509161005,245.12166
20240509162005,264.8412
20240509163005,265.70953
20240509164005,284.71354
20240509165005,389.38236
20240514090005,265.6002
20240514091005,243.28345
20240514092005,332.94927
20240514093005,490.39348
20240514094005,637.21831
20240514095005,825.26763
20240514100005,750.7248
20240514101005,707.63055
20240514102005,578.47924
20240514103005,676.66343
20240514104005,475.83544
20240514105005,503.50476
20240514110005,416.79432
20240514111005,428.93023
20240514112005,427.88281
20240514113005,375.6976
20240514114005,352.45531
20240514115005,298.64836
20240514120005,245.60383
20240514121005,240.89602
20240514122005,230.06164
20240514123005,216.56202
20240514124005,211.59689
20240514125005,211.1748
20240514130005,213.9305
20240514131005,211.0093
20240514132005,212.75677
20240514133005,208.60952
20240514134005,204.81036
20240514135005,205.19398
20240514140005,205.78291
20240514141005,202.94977
20240514142005,199.51815
20240514143005,200.12823
20240514144005,197.19195
20240514145005,196.4958
20240514150005,194.19279
20240514151005,193.2399
20240514152005,191.51692
20240514153005,189.57514
20240514154005,188.8649
20240514155005,189.04878
20240514160005,235.02167
20240514161005,245.12166
20240514162005,264.8412
20240514163005,265.70953
20240514164005,284.71354
20240514165005,389.38236
20240615090005,624.17742
20240615091005,258.25412
20240615092005,348.97435
20240615093005,665.23236
20240615094005,911.81091
20240615095005,716.8133
20240615100005,866.37941
20240615101005,783.1482
20240615102005,417.67848
20240615103005,496.57699
20240615104005,468.32842
20240615105005,554.58148
20240615110005,416.79432
20240615111005,428.93023
20240615112005,427.88281
20240615113005,375.6976
20240615114005,352.45531
20240615115005,298.64836
20240615120005,245.60383
20240615121005,240.89602
20240615122005,230.06164
20240615123005,216.56202
20240615124005,211.59689
20240615125005,211.1748
20240615130005,213.9305
20240615131005,211.0093
20240615132005,212.75677
20240615133005,208.60952
20240615134005,204.81036
20240615135005,205.19398
20240615140005,205.78291
20240615141005,202.94977
20240615142005,199.51815
20240615143005,200.12823
20240615144005,197.19195
20240615145005,196.4958
20240615150005,194.19279
20240615151005,193.2399
20240615152005,191.51692
20240615153005,189.57514
20240615154005,188.8649
20240615155005,189.04878
20240615160005,235.02167
20240615161005,245.12166
20240615162005,264.8412
20240615163005,265.70953
20240615164005,284.71354
20240615165005,389.38236
20240620090005,576.5334
20240620091005,273.36309
20240620092005,347.10734
20240620093005,645.67837
20240620094005,883.75737
20240620095005,870.6294
20240620100005,886.60679
20240620101005,804.8907
20240620102005,458.51933
20240620103005,535.68988
20240620104005,472.12388
20240620105005,563.25107
20240620110005,416.79432
20240620111005,428.93023
20240620112005,427.88281
20240620113005,375.6976
20240620114005,352.45531
20240620115005,298.64836
20240620120005,245.60383
20240620121005,240.89602
20240620122005,230.06164
20240620123005,216.56202
20240620124005,211.59689
20240620125005,211.1748
20240620130005,213.9305
20240620131005,211.0093
20240620132005,212.75677
20240620133005,208.60952
20240620134005,204.81036
20240620135005,205.19398
20240620140005,205.78291
20240620141005,202.94977
20240620142005,199.51815
20240620143005,200.12823
20240620144005,197.19195
20240620145005,196.4958
20240620150005,194.19279
20240620151005,193.2399
20240620152005,191.51692
20240620153005,189.57514
20240620154005,188.8649
20240620155005,189.04878
20240620160005,235.02167
20240620161005,245.12166
20240620162005,264.8412
20240620163005,265.70953
20240620164005,284.71354
20240620165005,389.38236
20240706090005,478.27742
20240706091005,267.94189
20240706092005,320.48928
20240706093005,471.16088
20240706094005,980.50633
20240706095005,703.01526
20240706100005,858.79984
20240706101005,637.36361
20240706102005,394.85984
20240706103005,421.62479
20240706104005,435.36104
20240706105005,564.60969
20240706110005,416.79432
20240706111005,428.93023
20240706112005,427.88281
20240706113005,375.6976
20240706114005,352.45531
20240706115005,298.64836
20240706120005,245.60383
20240706121005,240.89602
20240706122005,230.06164
20240706123005,216.56202
20240706124005,211.59689
20240706125005,211.1748
20240706130005,213.9305
20240706131005,211.0093
20240706132005,212.75677
20240706133005,208.60952
20240706134005,204.81036
20240706135005,205.19398
20240706140005,205.78291
20240706141005,202.94977
20240706142005,199.51815
20240706143005,200.12823
20240706144005,197.19195
20240706145005,196.4958
20240706150005,194.19279
20240706151005,193.2399
20240706152005,191.51692
20240706153005,189.57514
20240706154005,188.8649
20240706155005,189.04878
20240706160005,235.02167
20240706161005,245.12166
20240706162005,264.8412
20240706163005,265.70953
20240706164005,284.71354
20240706165005,389.38236
20240708090005,545.35566
20240708091005,253.9785
20240708092005,332.04324
20240708093005,603.98845
20240708094005,945.8728
20240708095005,788.84029
20240708100005,870.34945
20240708101005,784.70852
20240708102005,451.59651
20240708103005,486.74884
20240708104005,468.44647
20240708105005,557.87388
20240708110005,416.79432
20240708111005,428.93023
20240708112005,427.88281
20240708113005,375.6976
20240708114005,352.45531
20240708115005,298.64836
20240708120005,245.60383
20240708121005,240.89602
20240708122005,230.06164
20240708123005,216.56202
20240708124005,211.59689
20240708125005,211.1748
20240708130005,213.9305
20240708131005,211.0093
20240708132005,212.75677
20240708133005,208.60952
20240708134005,204.81036
20240708135005,205.19398
20240708140005,205.78291
20240708141005,202.94977
20240708142005,199.51815
20240708143005,200.12823
20240708144005,197.19195
20240708145005,196.4958
20240708150005,194.19279
20240708151005,193.2399
20240708152005,191.51692
20240708153005,189.57514
20240708154005,188.8649
20240708155005,189.04878
20240708160005,235.02167
20240708161005,245.12166
20240708162005,264.8412
20240708163005,265.70953
20240708164005,284.71354
20240708165005,389.38236
20240520090006,387.08159
20240520091006,437.49462
20240520092006,400.87217
20240520093006,556.6766
20240520094006,773.44763
20240520095006,831.28628
20240520100006,924.23758
20240520101006,637.27134
20240520102006,483.14247
20240520103006,566.7639
20240520104006,431.48252
20240520105006,505.10034
20240520110006,416.79432
20240520111006,428.93023
20240520112006,427.88281
20240520113006,375.6976
20240520114006,352.45531
20240520115006,298.64836
20240520120006,245.60383
20240520121006,240.89602
20240520122006,230.06164
20240520123006,216.56202
20240520124006,211.59689
20240520125006,211.1748
20240520130006,213.9305
20240520131006,211.0093
20240520132006,212.75677
20240520133006,208.60952
20240520134006,204.81036
20240520135006,205.19398
20240520140006,205.78291
20240520141006,202.94977
20240520142006,199.51815
20240520143006,200.12823
20240520144006,197.19195
20240520145006,196.4958
20240520150006,194.19279
20240520151006,193.2399
20240520152006,191.51692
20240520153006,189.57514
20240520154006,188.8649
20240520155006,189.04878
20240520160006,235.02167
20240520161006,245.12166
20240520162006,264.8412
20240520163006,265.70953
20240520164006,284.71354
20240520165006,389.38236
20240527090006,538.75577
20240527091006,407.48776
20240527092006,561.54569
20240527093006,804.45442
20240527094006,826.82358
20240527095006,842.95359
20240527100006,971.85237
20240527101006,652.28243
20240527102006,459.89405
20240527103006,538.34116
20240527104006,471.09771
20240527105006,552.20992
20240527110006,416.79432
20240527111006,428.93023
20240527112006,427.88281
20240527113006,375.6976
20240527114006,352.45531
20240527115006,298.64836
20240527120006,245.60383
20240527121006,240.89602
20240527122006,230.06164
20240527123006,216.56202
20240527124006,211.59689
20240527125006,211.1748
20240527130006,213.9305
20240527131006,211.0093
20240527132006,212.75677
20240527133006,208.60952
20240527134006,204.81036
20240527135006,205.19398
20240527140006,205.78291
20240527141006,202.94977
20240527142006,199.51815
20240527143006,200.12823
20240527144006,197.19195
20240527145006,196.4958
20240527150006,194.19279
20240527151006,193.2399
20240527152006,191.51692
20240527153006,189.57514
20240527154006,188.8649
20240527155006,189.04878
20240527160006,235.02167
20240527161006,245.12166
20240527162006,264.8412
20240527163006,265.70953
20240527164006,284.71354
20240527165006,389.38236
20240625090006,807.18213
20240625091006,240.57531
20240625092006,360.23773
20240625093006,819.12624
20240625094006,887.53448
20240625095006,845.32055
20240625100006,958.41851
20240625101006,603.69455
20240625102006,414.40563
20240625103006,478.99463
20240625104006,452.01828
20240625105006,559.57187
20240625110006,416.79432
20240625111006,428.93023
20240625112006,427.88281
20240625113006,375.6976
20240625114006,352.45531
20240625115006,298.64836
20240625120006,245.60383
20240625121006,240.89602
20240625122006,230.06164
20240625123006,216.56202
20240625124006,211.59689
20240625125006,211.1748
20240625130006,213.9305
20240625131006,211.0093
20240625132006,212.75677
20240625133006,208.60952
20240625134006,204.81036
20240625135006,205.19398
20240625140006,205.78291
20240625141006,202.94977
20240625142006,199.51815
20240625143006,200.12823
20240625144006,197.19195
20240625145006,196.4958
20240625150006,194.19279
20240625151006,193.2399
20240625152006,191.51692
20240625153006,189.57514
20240625154006,188.8649
20240625155006,189.04878
20240625160006,235.02167
20240625161006,245.12166
20240625162006,264.8412
20240625163006,265.70953
20240625164006,284.71354
20240625165006,389.38236
20240629090006,723.94408
20240629091006,249.24594
20240629092006,363.33525
20240629093006,781.08278
20240629094006,911.04033
20240629095006,781.48085
20240629100006,930.04755
20240629101006,652.59154
20240629102006,417.05822
20240629103006,478.99964
20240629104006,446.2408
20240629105006,553.70293
20240629110006,416.79432
20240629111006,428.93023
20240629112006,427.88281
20240629113006,375.6976
20240629114006,352.45531
20240629115006,298.64836
20240629120006,245.60383
20240629121006,240.89602
20240629122006,230.06164
20240629123006,216.56202
20240629124006,211.59689
20240629125006,211.1748
20240629130006,213.9305
20240629131006,211.0093
20240629132006,212.75677
20240629133006,208.60952
20240629134006,204.81036
20240629135006,205.19398
20240629140006,205.78291
20240629141006,202.94977
20240629142006,199.51815
20240629143006,200.12823
20240629144006,197.19195
20240629145006,196.4958
20240629150006,194.19279
20240629151006,193.2399
20240629152006,191.51692
20240629153006,189.57514
20240629154006,188.8649
20240629155006,189.04878
20240629160006,235.02167
20240629161006,245.12166
20240629162006,264.8412
20240629163006,265.70953
20240629164006,284.71354
20240629165006,389.38236
20240706090006,841.4189
20240706091006,243.25056
20240706092006,346.45444
20240706093006,784.51547
20240706094006,1002.10306
20240706095006,839.31485
20240706100006,892.80784
20240706101006,556.88901
20240706102006,395.71685
20240706103006,416.53423
20240706104006,430.21775
20240706105006,554.29178
20240706110006,416.79432
20240706111006,428.93023
20240706112006,427.88281
20240706113006,375.6976
20240706114006,352.45531
20240706115006,298.64836
20240706120006,245.60383
20240706121006,240.89602
20240706122006,230.06164
20240706123006,216.56202
20240706124006,211.59689
20240706125006,211.1748
20240706130006,213.9305
20240706131006,211.0093
20240706132006,212.75677
20240706133006,208.60952
20240706134006,204.81036
20240706135006,205.19398
20240706140006,205.78291
20240706141006,202.94977
20240706142006,199.51815
20240706143006,200.12823
20240706144006,197.19195
20240706145006,196.4958
20240706150006,194.19279
20240706151006,193.2399
20240706152006,191.51692
20240706153006,189.57514
20240706154006,188.8649
20240706155006,189.04878
20240706160006,235.02167
20240706161006,245.12166
20240706162006,264.8412
20240706163006,265.70953
20240706164006,284.71354
20240706165006,389.38236
20240722090006,812.67108
20240722091006,250.08358
20240722092006,389.62858
20240722093006,809.18076
20240722094006,966.43532
20240722095006,795.2046
20240722100006,924.89524
20240722101006,619.75653
20240722102006,406.03156
20240722103006,457.5489
20240722104006,430.91829
20240722105006,553.70293
20240722110006,416.79432
20240722111006,428.93023
20240722112006,427.88281
20240722113006,375.6976
20240722114006,352.45531
20240722115006,298.64836
20240722120006,245.60383
20240722121006,240.89602
20240722122006,230.06164
20240722123006,216.56202
20240722124006,211.59689
20240722125006,211.1748
20240722130006,213.9305
20240722131006,211.0093
20240722132006,212.75677
20240722133006,208.60952
20240722134006,204.81036
20240722135006,205.19398
20240722140006,205.78291
20240722141006,202.94977
20240722142006,199.51815
20240722143006,200.12823
20240722144006,197.19195
20240722145006,196.4958
20240722150006,194.19279
20240722151006,193.2399
20240722152006,191.51692
20240722153006,189.57514
20240722154006,188.8649
20240722155006,189.04878
20240722160006,235.02167
20240722161006,245.12166
20240722162006,264.8412
20240722163006,265.70953
20240722164006,284.71354
20240722165006,389.38236
20240526090007,262.21316
20240526091007,302.89195
20240526092007,344.68586
20240526093007,494.615
20240526094007,616.98664
20240526095007,800.30306
20240526100007,828.91551
20240526101007,657.49675
20240526102007,552.48471
20240526103007,645.47717
20240526104007,469.24052
20240526105007,505.85426
20240526110007,416.79432
20240526111007,428.93023
20240526112007,427.88281
20240526113007,375.6976
20240526114007,352.45531
20240526115007,298.64836
20240526120007,245.60383
20240526121007,240.89602
20240526122007,230.06164
20240526123007,216.56202
20240526124007,211.59689
20240526125007,211.1748
20240526130007,213.9305
20240526131007,211.0093
20240526132007,212.75677
20240526133007,208.60952
20240526134007,204.81036
20240526135007,205.19398
20240526140007,205.78291
20240526141007,202.94977
20240526142007,199.51815
20240526143007,200.12823
20240526144007,197.19195
20240526145007,196.4958
20240526150007,194.19279
20240526151007,193.2399
20240526152007,191.51692
20240526153007,189.57514
20240526154007,188.8649
20240526155007,189.04878
20240526160007,235.02167
20240526161007,245.12166
20240526162007,264.8412
20240526163007,265.70953
20240526164007,284.71354
20240526165007,389.38236
20240612090007,580.1437
20240612091007,385.73732
20240612092007,582.33012
20240612093007,632.89942
20240612094007,791.43367
20240612095007,919.56668
20240612100007,917.73398
20240612101007,553.27617
20240612102007,488.03245
20240612103007,487.9728
20240612104007,428.52569
20240612105007,507.02821
20240612110007,416.79432
20240612111007,428.93023
20240612112007,427.88281
20240612113007,375.6976
20240612114007,352.45531
20240612115007,298.64836
20240612120007,245.60383
20240612121007,240.89602
20240612122007,230.06164
20240612123007,216.56202
20240612124007,211.59689
20240612125007,211.1748
20240612130007,213.9305
20240612131007,211.0093
20240612132007,212.75677
20240612133007,208.60952
20240612134007,204.81036
20240612135007,205.19398
20240612140007,205.78291
20240612141007,202.94977
20240612142007,199.51815
20240612143007,200.12823
20240612144007,197.19195
20240612145007,196.4958
20240612150007,194.19279
20240612151007,193.2399
20240612152007,191.51692
20240612153007,189.57514
20240612154007,188.8649
20240612155007,189.04878
20240612160007,235.02167
20240612161007,245.12166
20240612162007,264.8412
20240612163007,265.70953
20240612164007,284.71354
20240612165007,389.38236
20240615090007,714.53518
20240615091007,235.77197
20240615092007,383.95082
20240615093007,933.1405
20240615094007,874.00112
20240615095007,907.80027
20240615100007,961.0909
20240615101007,585.35576
20240615102007,461.05883
20240615103007,491.72803
20240615104007,450.74151
20240615105007,554.57481
20240615110007,416.79432
20240615111007,428.93023
20240615112007,427.88281
20240615113007,375.6976
20240615114007,352.45531
20240615115007,298.64836
20240615120007,245.60383
20240615121007,240.89602
20240615122007,230.06164
20240615123007,216.56202
20240615124007,211.59689
20240615125007,211.1748
20240615130007,213.9305
20240615131007,211.0093
20240615132007,212.75677
20240615133007,208.60952
20240615134007,204.81036
20240615135007,205.19398
20240615140007,205.78291
20240615141007,202.94977
20240615142007,199.51815
20240615143007,200.12823
20240615144007,197.19195
20240615145007,196.4958
20240615150007,194.19279
20240615151007,193.2399
20240615152007,191.51692
20240615153007,189.57514
20240615154007,188.8649
20240615155007,189.04878
20240615160007,235.02167
20240615161007,245.12166
20240615162007,264.8412
20240615163007,265.70953
20240615164007,284.71354
20240615165007,389.38236
20240717090007,823.35959
20240717091007,210.08193
20240717092007,327.32933
20240717093007,901.77465
20240717094007,946.70079
20240717095007,795.27771
20240717100007,956.89484
20240717101007,528.80156
20240717102007,404.04293
20240717103007,465.77406
20240717104007,451.47617
20240717105007,554.68046
20240717110007,416.79432
20240717111007,428.93023
20240717112007,427.88281
20240717113007,375.6976
20240717114007,352.45531
20240717115007,298.64836
20240717120007,245.60383
20240717121007,240.89602
20240717122007,230.06164
20240717123007,216.56202
20240717124007,211.59689
20240717125007,211.1748
20240717130007,213.9305
20240717131007,211.0093
20240717132007,212.75677
20240717133007,208.60952
20240717134007,204.81036
20240717135007,205.19398
20240717140007,205.78291
20240717141007,202.94977
20240717142007,199.51815
20240717143007,200.12823
20240717144007,197.19195
20240717145007,196.4958
20240717150007,194.19279
20240717151007,193.2399
20240717152007,191.51692
20240717153007,189.57514
20240717154007,188.8649
20240717155007,189.04878
20240717160007,235.02167
20240717161007,245.12166
20240717162007,264.8412
20240717163007,265.70953
20240717164007,284.71354
20240717165007,389.38236
20240124090008,195.86646
20240124091008,385.11804
20240124092008,299.53287
20240124093008,539.41596
20240124094008,567.05302
20240124095008,635.38049
20240124100008,452.12626
20240124101008,634.22534
20240124102008,639.96313
20240124103008,606.57996
20240124104008,435.68907
20240124105008,488.75541
20240124110008,416.79432
20240124111008,428.93023
20240124112008,427.88281
20240124113008,375.6976
20240124114008,352.45531
20240124115008,298.64836
20240124120008,245.60383
20240124121008,240.89602
20240124122008,230.06164
20240124123008,216.56202
20240124124008,211.59689
20240124125008,211.1748
20240124130008,213.9305
20240124131008,211.0093
20240124132008,212.75677
20240124133008,208.60952
20240124134008,204.81036
20240124135008,205.19398
20240124140008,205.78291
20240124141008,202.94977
20240124142008,199.51815
20240124143008,200.12823
20240124144008,197.19195
20240124145008,196.4958
20240124150008,194.19279
20240124151008,193.2399
20240124152008,191.51692
20240124153008,189.57514
20240124154008,188.8649
20240124155008,189.04878
20240124160008,235.02167
20240124161008,245.12166
20240124162008,264.8412
20240124163008,265.70953
20240124164008,284.71354
20240124165008,389.38236
20240128090008,196.11031
20240128091008,375.92428
20240128092008,335.82162
20240128093008,591.89374
20240128094008,597.55588
20240128095008,563.77263
20240128100008,429.65531
20240128101008,597.42058
20240128102008,642.91341
20240128103008,622.43454
20240128104008,435.68907
20240128105008,486.35301
20240128110008,416.79432
20240128111008,428.93023
20240128112008,427.88281
20240128113008,375.6976
20240128114008,352.45531
20240128115008,298.64836
20240128120008,245.60383
20240128121008,240.89602
20240128122008,230.06164
20240128123008,216.56202
20240128124008,211.59689
20240128125008,211.1748
20240128130008,213.9305
20240128131008,211.0093
20240128132008,212.75677
20240128133008,208.60952
20240128134008,204.81036
20240128135008,205.19398
20240128140008,205.78291
20240128141008,202.94977
20240128142008,199.51815
20240128143008,200.12823
20240128144008,197.19195
20240128145008,196.4958
20240128150008,194.19279
20240128151008,193.2399
20240128152008,191.51692
20240128153008,189.57514
20240128154008,188.8649
20240128155008,189.04878
20240128160008,235.02167
20240128161008,245.12166
20240128162008,264.8412
20240128163008,265.70953
20240128164008,284.71354
20240128165008,389.38236
20240204090008,222.49938
20240204091008,479.24514
20240204092008,571.37086
20240204093008,573.35542
20240204094008,647.79721
20240204095008,575.45192
20240204100008,498.59587
20240204101008,640.52067
20240204102008,631.23269
20240204103008,630.63127
20240204104008,456.53981
20240204105008,473.98725
20240204110008,416.79432
20240204111008,428.93023
20240204112008,427.88281
20240204113008,375.6976
20240204114008,352.45531
20240204115008,298.64836
20240204120008,245.60383
20240204121008,240.89602
20240204122008,230.06164
20240204123008,216.56202
20240204124008,211.59689
20240204125008,211.1748
20240204130008,213.9305
20240204131008,211.0093
20240204132008,212.75677
20240204133008,208.60952
20240204134008,204.81036
20240204135008,205.19398
20240204140008,205.78291
20240204141008,202.94977
20240204142008,199.51815
20240204143008,200.12823
20240204144008,197.19195
20240204145008,196.4958
20240204150008,194.19279
20240204151008,193.2399
20240204152008,191.51692
20240204153008,189.57514
20240204154008,188.8649
20240204155008,189.04878
20240204160008,235.02167
20240204161008,245.12166
20240204162008,264.8412
20240204163008,265.70953
20240204164008,284.71354
20240204165008,389.38236
20240218090008,233.52611
20240218091008,667.25067
20240218092008,594.1168
20240218093008,692.55986
20240218094008,623.76273
20240218095008,606.20255
20240218100008,598.73849
20240218101008,630.4053
20240218102008,493.86844
20240218103008,581.94691
20240218104008,478.62776
20240218105008,468.829
20240218110008,416.79432
20240218111008,428.93023
20240218112008,427.88281
20240218113008,375.6976
20240218114008,352.45531
20240218115008,298.64836
20240218120008,245.60383
20240218121008,240.89602
20240218122008,230.06164
20240218123008,216.56202
20240218124008,211.59689
20240218125008,211.1748
20240218130008,213.9305
20240218131008,211.0093
20240218132008,212.75677
20240218133008,208.60952
20240218134008,204.81036
20240218135008,205.19398
20240218140008,205.78291
20240218141008,202.94977
20240218142008,199.51815
20240218143008,200.12823
20240218144008,197.19195
20240218145008,196.4958
20240218150008,194.19279
20240218151008,193.2399
20240218152008,191.51692
20240218153008,189.57514
20240218154008,188.8649
20240218155008,189.04878
20240218160008,235.02167
20240218161008,245.12166
20240218162008,264.8412
20240218163008,265.70953
20240218164008,284.71354
20240218165008,389.38236
20240305090008,205.51066
20240305091008,252.04845
20240305092008,349.82887
20240305093008,674.00839
20240305094008,677.57427
20240305095008,752.08893
20240305100008,694.28536
20240305101008,409.09699
20240305102008,382.27139
20240305103008,636.73937
20240305104008,648.08792
20240305105008,471.04135
20240305110008,416.79432
20240305111008,428.93023
20240305112008,427.88281
20240305113008,375.6976
20240305114008,352.45531
20240305115008,298.64836
20240305120008,245.60383
20240305121008,240.89602
20240305122008,230.06164
20240305123008,216.56202
20240305124008,211.59689
20240305125008,211.1748
20240305130008,213.9305
20240305131008,211.0093
20240305132008,212.75677
20240305133008,208.60952
20240305134008,204.81036
20240305135008,205.19398
20240305140008,205.78291
20240305141008,202.94977
20240305142008,199.51815
20240305143008,200.12823
20240305144008,197.19195
20240305145008,196.4958
20240305150008,194.19279
20240305151008,193.2399
20240305152008,191.51692
20240305153008,189.57514
20240305154008,188.8649
20240305155008,189.04878
20240305160008,235.02167
20240305161008,245.12166
20240305162008,264.8412
20240305163008,265.70953
20240305164008,284.71354
20240305165008,389.38236
20240325090008,197.34296
20240325091008,327.07703
20240325092008,322.70707
20240325093008,684.91486
20240325094008,815.89429
20240325095008,843.85904
20240325100008,604.62593
20240325101008,643.23006
20240325102008,552.24792
20240325103008,645.2158
20240325104008,487.54039
20240325105008,498.98506
20240325110008,416.79432
20240325111008,428.93023
20240325112008,427.88281
20240325113008,375.6976
20240325114008,352.45531
20240325115008,298.64836
20240325120008,245.60383
20240325121008,240.89602
20240325122008,230.06164
20240325123008,216.56202
20240325124008,211.59689
20240325125008,211.1748
20240325130008,213.9305
20240325131008,211.0093
20240325132008,212.75677
20240325133008,208.60952
20240325134008,204.81036
20240325135008,205.19398
20240325140008,205.78291
20240325141008,202.94977
20240325142008,199.51815
20240325143008,200.12823
20240325144008,197.19195
20240325145008,196.4958
20240325150008,194.19279
20240325151008,193.2399
20240325152008,191.51692
20240325153008,189.57514
20240325154008,188.8649
20240325155008,189.04878
20240325160008,235.02167
20240325161008,245.12166
20240325162008,264.8412
20240325163008,265.70953
20240325164008,284.71354
20240325165008,389.38236
20240518090008,227.35709
20240518091008,332.85577
20240518092008,334.69816
20240518093008,515.81614
20240518094008,700.45749
20240518095008,797.8667
20240518100008,515.08685
20240518101008,587.27956
20240518102008,643.31011
20240518103008,709.68843
20240518104008,494.42629
20240518105008,505.69535
20240518110008,416.79432
20240518111008,428.93023
20240518112008,427.88281
20240518113008,375.6976
20240518114008,352.45531
20240518115008,298.64836
20240518120008,245.60383
20240518121008,240.89602
20240518122008,230.06164
20240518123008,216.56202
20240518124008,211.59689
20240518125008,211.1748
20240518130008,213.9305
20240518131008,211.0093
20240518132008,212.75677
20240518133008,208.60952
20240518134008,204.81036
20240518135008,205.19398
20240518140008,205.78291
20240518141008,202.94977
20240518142008,199.51815
20240518143008,200.12823
20240518144008,197.19195
20240518145008,196.4958
20240518150008,194.19279
20240518151008,193.2399
20240518152008,191.51692
20240518153008,189.57514
20240518154008,188.8649
20240518155008,189.04878
20240518160008,235.02167
20240518161008,245.12166
20240518162008,264.8412
20240518163008,265.70953
20240518164008,284.71354
20240518165008,389.38236
20240526090008,201.85292
20240526091008,317.13293
20240526092008,378.84339
20240526093008,563.40548
20240526094008,725.57032
20240526095008,704.42773
20240526100008,497.4827
20240526101008,567.07968
20240526102008,637.06321
20240526103008,702.79356
20240526104008,475.90561
20240526105008,506.10822
20240526110008,416.79432
20240526111008,428.93023
20240526112008,427.88281
20240526113008,375.6976
20240526114008,352.45531
20240526115008,298.64836
20240526120008,245.60383
20240526121008,240.89602
20240526122008,230.06164
20240526123008,216.56202
20240526124008,211.59689
20240526125008,211.1748
20240526130008,213.9305
20240526131008,211.0093
20240526132008,212.75677
20240526133008,208.60952
20240526134008,204.81036
20240526135008,205.19398
20240526140008,205.78291
20240526141008,202.94977
20240526142008,199.51815
20240526143008,200.12823
20240526144008,197.19195
20240526145008,196.4958
20240526150008,194.19279
20240526151008,193.2399
20240526152008,191.51692
20240526153008,189.57514
20240526154008,188.8649
20240526155008,189.04878
20240526160008,235.02167
20240526161008,245.12166
20240526162008,264.8412
20240526163008,265.70953
20240526164008,284.71354
20240526165008,389.38236
20240529090008,234.26443
20240529091008,294.1978
20240529092008,308.68833
20240529093008,615.75073
20240529094008,765.567
20240529095008,808.92785
20240529100008,603.59147
20240529101008,636.59939
20240529102008,585.62442
20240529103008,640.37169
20240529104008,476.40864
20240529105008,502.76262
20240529110008,416.79432
20240529111008,428.93023
20240529112008,427.88281
20240529113008,375.6976
20240529114008,352.45531
20240529115008,298.64836
20240529120008,245.60383
20240529121008,240.89602
20240529122008,230.06164
20240529123008,216.56202
20240529124008,211.59689
20240529125008,211.1748
20240529130008,213.9305
20240529131008,211.0093
20240529132008,212.75677
20240529133008,208.60952
20240529134008,204.81036
20240529135008,205.19398
20240529140008,205.78291
20240529141008,202.94977
20240529142008,199.51815
20240529143008,200.12823
20240529144008,197.19195
20240529145008,196.4958
20240529150008,194.19279
20240529151008,193.2399
20240529152008,191.51692
20240529153008,189.57514
20240529154008,188.8649
20240529155008,189.04878
20240529160008,235.02167
20240529161008,245.12166
20240529162008,264.8412
20240529163008,265.70953
20240529164008,284.71354
20240529165008,389.38236
20240607090008,194.54713
20240607091008,324.30018
20240607092008,368.70758
20240607093008,592.55096
20240607094008,698.34257
20240607095008,779.80918
20240607100008,637.10969
20240607101008,597.19292
20240607102008,608.71205
20240607103008,710.09873
20240607104008,502.82025
20240607105008,514.70925
20240607110008,416.79432
20240607111008,428.93023
20240607112008,427.88281
20240607113008,375.6976
20240607114008,352.45531
20240607115008,298.64836
20240607120008,245.60383
20240607121008,240.89602
20240607122008,230.06164
20240607123008,216.56202
20240607124008,211.59689
20240607125008,211.1748
20240607130008,213.9305
20240607131008,211.0093
20240607132008,212.75677
20240607133008,208.60952
20240607134008,204.81036
20240607135008,205.19398
20240607140008,205.78291
20240607141008,202.94977
20240607142008,199.51815
20240607143008,200.12823
20240607144008,197.19195
20240607145008,196.4958
20240607150008,194.19279
20240607151008,193.2399
20240607152008,191.51692
20240607153008,189.57514
20240607154008,188.8649
20240607155008,189.04878
20240607160008,235.02167
20240607161008,245.12166
20240607162008,264.8412
20240607163008,265.70953
20240607164008,284.71354
20240607165008,389.38236
20240613090008,195.53221
20240613091008,328.79574
20240613092008,352.86901
20240613093008,563.18639
20240613094008,673.67763
20240613095008,690.97007
20240613100008,679.37172
20240613101008,607.24751
20240613102008,599.22001
20240613103008,715.71389
20240613104008,502.23483
20240613105008,536.95691
20240613110008,416.79432
20240613111008,428.93023
20240613112008,427.88281
20240613113008,375.6976
20240613114008,352.45531
20240613115008,298.64836
20240613120008,245.60383
20240613121008,240.89602
20240613122008,230.06164
20240613123008,216.56202
20240613124008,211.59689
20240613125008,211.1748
20240613130008,213.9305
20240613131008,211.0093
20240613132008,212.75677
20240613133008,208.60952
20240613134008,204.81036
20240613135008,205.19398
20240613140008,205.78291
20240613141008,202.94977
20240613142008,199.51815
20240613143008,200.12823
20240613144008,197.19195
20240613145008,196.4958
20240613150008,194.19279
20240613151008,193.2399
20240613152008,191.51692
20240613153008,189.57514
20240613154008,188.8649
20240613155008,189.04878
20240613160008,235.02167
20240613161008,245.12166
20240613162008,264.8412
20240613163008,265.70953
20240613164008,284.71354
20240613165008,389.38236
20240628090008,429.09458
20240628091008,254.24073
20240628092008,286.10444
20240628093008,648.54554
20240628094008,783.02234
20240628095008,990.95541
20240628100008,822.08306
20240628101008,514.33716
20240628102008,569.34114
20240628103008,663.82895
20240628104008,551.11339
20240628105008,575.59351
20240628110008,416.79432
20240628111008,428.93023
20240628112008,427.88281
20240628113008,375.6976
20240628114008,352.45531
20240628115008,298.64836
20240628120008,245.60383
20240628121008,240.89602
20240628122008,230.06164
20240628123008,216.56202
20240628124008,211.59689
20240628125008,211.1748
20240628130008,213.9305
20240628131008,211.0093
20240628132008,212.75677
20240628133008,208.60952
20240628134008,204.81036
20240628135008,205.19398
20240628140008,205.78291
20240628141008,202.94977
20240628142008,199.51815
20240628143008,200.12823
20240628144008,197.19195
20240628145008,196.4958
20240628150008,194.19279
20240628151008,193.2399
20240628152008,191.51692
20240628153008,189.57514
20240628154008,188.8649
20240628155008,189.04878
20240628160008,235.02167
20240628161008,245.12166
20240628162008,264.8412
20240628163008,265.70953
20240628164008,284.71354
20240628165008,389.38236
20240705090008,213.46271
20240705091008,200.34612
20240705092008,244.40596
20240705093008,598.81857
20240705094008,974.77344
20240705095008,826.31144
20240705100008,840.11057
20240705101008,485.63093
20240705102008,395.29343
20240705103008,564.38978
20240705104008,519.42865
20240705105008,557.04261
20240705110008,416.79432
20240705111008,428.93023
20240705112008,427.88281
20240705113008,375.6976
20240705114008,352.45531
20240705115008,298.64836
20240705120008,245.60383
20240705121008,240.89602
20240705122008,230.06164
20240705123008,216.56202
20240705124008,211.59689
20240705125008,211.1748
20240705130008,213.9305
20240705131008,211.0093
20240705132008,212.75677
20240705133008,208.60952
20240705134008,204.81036
20240705135008,205.19398
20240705140008,205.78291
20240705141008,202.94977
20240705142008,199.51815
20240705143008,200.12823
20240705144008,197.19195
20240705145008,196.4958
20240705150008,194.19279
20240705151008,193.2399
20240705152008,191.51692
20240705153008,189.57514
20240705154008,188.8649
20240705155008,189.04878
20240705160008,235.02167
20240705161008,245.12166
20240705162008,264.8412
20240705163008,265.70953
20240705164008,284.71354
20240705165008,389.38236
20240709090008,229.97463
20240709091008,202.21961
20240709092008,245.96872
20240709093008,693.30681
20240709094008,977.77962
20240709095008,865.88993
20240709100008,865.39628
20240709101008,498.0268
20240709102008,408.37604
20240709103008,572.98253
20240709104008,519.16385
20240709105008,562.67145
20240709110008,416.79432
20240709111008,428.93023
20240709112008,427.88281
20240709113008,375.6976
20240709114008,352.45531
20240709115008,298.64836
20240709120008,245.60383
20240709121008,240.89602
20240709122008,230.06164
20240709123008,216.56202
20240709124008,211.59689
20240709125008,211.1748
20240709130008,213.9305
20240709131008,211.0093
20240709132008,212.75677
20240709133008,208.60952
20240709134008,204.81036
20240709135008,205.19398
20240709140008,205.78291
20240709141008,202.94977
20240709142008,199.51815
20240709143008,200.12823
20240709144008,197.19195
20240709145008,196.4958
20240709150008,194.19279
20240709151008,193.2399
20240709152008,191.51692
20240709153008,189.57514
20240709154008,188.8649
20240709155008,189.04878
20240709160008,235.02167
20240709161008,245.12166
20240709162008,264.8412
20240709163008,265.70953
20240709164008,284.71354
20240709165008,389.38236
20240715090008,331.67931
20240715091008,256.22155
20240715092008,279.43574
20240715093008,647.2675
20240715094008,836.71445
20240715095008,992.17075
20240715100008,851.6564
20240715101008,540.12468
20240715102008,546.52784
20240715103008,641.16315
20240715104008,542.62321
20240715105008,573.46859
20240715110008,416.79432
20240715111008,428.93023
20240715112008,427.88281
20240715113008,375.6976
20240715114008,352.45531
20240715115008,298.64836
20240715120008,245.60383
20240715121008,240.89602
20240715122008,230.06164
20240715123008,216.56202
20240715124008,211.59689
20240715125008,211.1748
20240715130008,213.9305
20240715131008,211.0093
20240715132008,212.75677
20240715133008,208.60952
20240715134008,204.81036
20240715135008,205.19398
20240715140008,205.78291
20240715141008,202.94977
20240715142008,199.51815
20240715143008,200.12823
20240715144008,197.19195
20240715145008,196.4958
20240715150008,194.19279
20240715151008,193.2399
20240715152008,191.51692
20240715153008,189.57514
20240715154008,188.8649
20240715155008,189.04878
20240715160008,235.02167
20240715161008,245.12166
20240715162008,264.8412
20240715163008,265.70953
20240715164008,284.71354
20240715165008,389.38236
20240719090008,242.62709
20240719091008,201.77268
20240719092008,242.8107
20240719093008,775.57562
20240719094008,978.93092
20240719095008,864.63725
20240719100008,873.22159
20240719101008,524.73973
20240719102008,421.84963
20240719103008,568.00794
20240719104008,518.35415
20240719105008,565.36588
20240719110008,416.79432
20240719111008,428.93023
20240719112008,427.88281
20240719113008,375.6976
20240719114008,352.45531
20240719115008,298.64836
20240719120008,245.60383
20240719121008,240.89602
20240719122008,230.06164
20240719123008,216.56202
20240719124008,211.59689
20240719125008,211.1748
20240719130008,213.9305
20240719131008,211.0093
20240719132008,212.75677
20240719133008,208.60952
20240719134008,204.81036
20240719135008,205.19398
20240719140008,205.78291
20240719141008,202.94977
20240719142008,199.51815
20240719143008,200.12823
20240719144008,197.19195
20240719145008,196.4958
20240719150008,194.19279
20240719151008,193.2399
20240719152008,191.51692
20240719153008,189.57514
20240719154008,188.8649
20240719155008,189.04878
20240719160008,235.02167
20240719161008,245.12166
20240719162008,264.8412
20240719163008,265.70953
20240719164008,284.71354
20240719165008,389.38236
20240309090009,200.67679
20240309091009,321.38239
20240309092009,332.4166
20240309093009,436.99641
20240309094009,509.70046
20240309095009,690.79004
20240309100009,581.74535
20240309101009,573.74493
20240309102009,626.97723
20240309103009,689.7029
20240309104009,473.68244
20240309105009,505.21723
20240309110009,416.79432
20240309111009,428.93023
20240309112009,427.88281
20240309113009,375.6976
20240309114009,352.45531
20240309115009,298.64836
20240309120009,245.60383
20240309121009,240.89602
20240309122009,230.06164
20240309123009,216.56202
20240309124009,211.59689
20240309125009,211.1748
20240309130009,213.9305
20240309131009,211.0093
20240309132009,212.75677
20240309133009,208.60952
20240309134009,204.81036
20240309135009,205.19398
20240309140009,205.78291
20240309141009,202.94977
20240309142009,199.51815
20240309143009,200.12823
20240309144009,197.19195
20240309145009,196.4958
20240309150009,194.19279
20240309151009,193.2399
20240309152009,191.51692
20240309153009,189.57514
20240309154009,188.8649
20240309155009,189.04878
20240309160009,235.02167
20240309161009,245.12166
20240309162009,264.8412
20240309163009,265.70953
20240309164009,284.71354
20240309165009,389.38236
20240314090009,189.63889
20240314091009,256.71413
20240314092009,308.80461
20240314093009,425.35792
20240314094009,397.40144
20240314095009,624.80739
20240314100009,527.35428
20240314101009,563.55175
20240314102009,637.55142
20240314103009,709.07224
20240314104009,475.26808
20240314105009,506.70436
20240314110009,416.79432
20240314111009,428.93023
20240314112009,427.88281
20240314113009,375.6976
20240314114009,352.45531
20240314115009,298.64836
20240314120009,245.60383
20240314121009,240.89602
20240314122009,230.06164
20240314123009,216.56202
20240314124009,211.59689
20240314125009,211.1748
20240314130009,213.9305
20240314131009,211.0093
20240314132009,212.75677
20240314133009,208.60952
20240314134009,204.81036
20240314135009,205.19398
20240314140009,205.78291
20240314141009,202.94977
20240314142009,199.51815
20240314143009,200.12823
20240314144009,197.19195
20240314145009,196.4958
20240314150009,194.19279
20240314151009,193.2399
20240314152009,191.51692
20240314153009,189.57514
20240314154009,188.8649
20240314155009,189.04878
20240314160009,235.02167
20240314161009,245.12166
20240314162009,264.8412
20240314163009,265.70953
20240314164009,284.71354
20240314165009,389.38236
20240414090009,584.18681
20240414091009,287.2786
20240414092009,308.45567
20240414093009,610.00249
20240414094009,641.932
20240414095009,977.98061
20240414100009,879.45215
20240414101009,547.49197
20240414102009,497.86158
20240414103009,594.89528
20240414104009,519.24003
20240414105009,575.66002
20240414110009,416.79432
20240414111009,428.93023
20240414112009,427.88281
20240414113009,375.6976
20240414114009,352.45531
20240414115009,298.64836
20240414120009,245.60383
20240414121009,240.89602
20240414122009,230.06164
20240414123009,216.56202
20240414124009,211.59689
20240414125009,211.1748
20240414130009,213.9305
20240414131009,211.0093
20240414132009,212.75677
20240414133009,208.60952
20240414134009,204.81036
20240414135009,205.19398
20240414140009,205.78291
20240414141009,202.94977
20240414142009,199.51815
20240414143009,200.12823
20240414144009,197.19195
20240414145009,196.4958
20240414150009,194.19279
20240414151009,193.2399
20240414152009,191.51692
20240414153009,189.57514
20240414154009,188.8649
20240414155009,189.04878
20240414160009,235.02167
20240414161009,245.12166
20240414162009,264.8412
20240414163009,265.70953
20240414164009,284.71354
20240414165009,389.38236
20240506090009,262.6325
20240506091009,242.00759
20240506092009,277.21603
20240506093009,772.29743
20240506094009,930.75245
20240506095009,983.45798
20240506100009,802.59893
20240506101009,565.78086
20240506102009,408.48269
20240506103009,576.55696
20240506104009,520.40506
20240506105009,546.456
20240506110009,416.79432
20240506111009,428.93023
20240506112009,427.88281
20240506113009,375.6976
20240506114009,352.45531
20240506115009,298.64836
20240506120009,245.60383
20240506121009,240.89602
20240506122009,230.06164
20240506123009,216.56202
20240506124009,211.59689
20240506125009,211.1748
20240506130009,213.9305
20240506131009,211.0093
20240506132009,212.75677
20240506133009,208.60952
20240506134009,204.81036
20240506135009,205.19398
20240506140009,205.78291
20240506141009,202.94977
20240506142009,199.51815
20240506143009,200.12823
20240506144009,197.19195
20240506145009,196.4958
20240506150009,194.19279
20240506151009,193.2399
20240506152009,191.51692
20240506153009,189.57514
20240506154009,188.8649
20240506155009,189.04878
20240506160009,235.02167
20240506161009,245.12166
20240506162009,264.8412
20240506163009,265.70953
20240506164009,284.71354
20240506165009,389.38236
20240526090009,200.86148
20240526091009,292.03671
20240526092009,333.25815
20240526093009,529.28091
20240526094009,715.73428
20240526095009,770.88414
20240526100009,576.80159
20240526101009,598.50185
20240526102009,622.8146
20240526103009,691.85378
20240526104009,472.82981
20240526105009,506.08685
20240526110009,416.79432
20240526111009,428.93023
20240526112009,427.88281
20240526113009,375.6976
20240526114009,352.45531
20240526115009,298.64836
20240526120009,245.60383
20240526121009,240.89602
20240526122009,230.06164
20240526123009,216.56202
20240526124009,211.59689
20240526125009,211.1748
20240526130009,213.9305
20240526131009,211.0093
20240526132009,212.75677
20240526133009,208.60952
20240526134009,204.81036
20240526135009,205.19398
20240526140009,205.78291
20240526141009,202.94977
20240526142009,199.51815
20240526143009,200.12823
20240526144009,197.19195
20240526145009,196.4958
20240526150009,194.19279
20240526151009,193.2399
20240526152009,191.51692
20240526153009,189.57514
20240526154009,188.8649
20240526155009,189.04878
20240526160009,235.02167
20240526161009,245.12166
20240526162009,264.8412
20240526163009,265.70953
20240526164009,284.71354
20240526165009,389.38236
20240614090009,195.5078
20240614091009,309.88
20240614092009,335.1662
20240614093009,551.07637
20240614094009,689.58214
20240614095009,724.06212
20240614100009,722.83007
20240614101009,660.42707
20240614102009,559.87747
20240614103009,680.7626
20240614104009,492.57026
20240614105009,517.68117
20240614110009,416.79432
20240614111009,428.93023
20240614112009,427.88281
20240614113009,375.6976
20240614114009,352.45531
20240614115009,298.64836
20240614120009,245.60383
20240614121009,240.89602
20240614122009,230.06164
20240614123009,216.56202
20240614124009,211.59689
20240614125009,211.1748
20240614130009,213.9305
20240614131009,211.0093
20240614132009,212.75677
20240614133009,208.60952
20240614134009,204.81036
20240614135009,205.19398
20240614140009,205.78291
20240614141009,202.94977
20240614142009,199.51815
20240614143009,200.12823
20240614144009,197.19195
20240614145009,196.4958
20240614150009,194.19279
20240614151009,193.2399
20240614152009,191.51692
20240614153009,189.57514
20240614154009,188.8649
20240614155009,189.04878
20240614160009,235.02167
20240614161009,245.12166
20240614162009,264.8412
20240614163009,265.70953
20240614164009,284.71354
20240614165009,389.38236
20240621090009,333.09624
20240621091009,235.75067
20240621092009,276.74746
20240621093009,619.57318
20240621094009,944.85154
20240621095009,988.48644
20240621100009,848.00488
20240621101009,500.6463
20240621102009,496.30837
20240621103009,596.54309
20240621104009,540.53974
20240621105009,570.36628
20240621110009,416.79432
20240621111009,428.93023
20240621112009,427.88281
20240621113009,375.6976
20240621114009,352.45531
20240621115009,298.64836
20240621120009,245.60383
20240621121009,240.89602
20240621122009,230.06164
20240621123009,216.56202
20240621124009,211.59689
20240621125009,211.1748
20240621130009,213.9305
20240621131009,211.0093
20240621132009,212.75677
20240621133009,208.60952
20240621134009,204.81036
20240621135009,205.19398
20240621140009,205.78291
20240621141009,202.94977
20240621142009,199.51815
20240621143009,200.12823
20240621144009,197.19195
20240621145009,196.4958
20240621150009,194.19279
20240621151009,193.2399
20240621152009,191.51692
20240621153009,189.57514
20240621154009,188.8649
20240621155009,189.04878
20240621160009,235.02167
20240621161009,245.12166
20240621162009,264.8412
20240621163009,265.70953
20240621164009,284.71354
20240621165009,389.38236
20240628090009,460.41912
20240628091009,284.12919
20240628092009,306.04563
20240628093009,556.80346
20240628094009,794.52641
20240628095009,967.09736
20240628100009,854.92712
20240628101009,544.94871
20240628102009,529.13241
20240628103009,600.8955
20240628104009,514.5114
20240628105009,575.17489
20240628110009,416.79432
20240628111009,428.93023
20240628112009,427.88281
20240628113009,375.6976
20240628114009,352.45531
20240628115009,298.64836
20240628120009,245.60383
20240628121009,240.89602
20240628122009,230.06164
20240628123009,216.56202
20240628124009,211.59689
20240628125009,211.1748
20240628130009,213.9305
20240628131009,211.0093
20240628132009,212.75677
20240628133009,208.60952
20240628134009,204.81036
20240628135009,205.19398
20240628140009,205.78291
20240628141009,202.94977
20240628142009,199.51815
20240628143009,200.12823
20240628144009,197.19195
20240628145009,196.4958
20240628150009,194.19279
20240628151009,193.2399
20240628152009,191.51692
20240628153009,189.57514
20240628154009,188.8649
20240628155009,189.04878
20240628160009,235.02167
20240628161009,245.12166
20240628162009,264.8412
20240628163009,265.70953
20240628164009,284.71354
20240628165009,389.38236
20240717090009,245.17076
20240717091009,204.42503
20240717092009,244.049
20240717093009,784.37144
20240717094009,1005.66231
20240717095009,838.25488
20240717100009,866.07268
20240717101009,488.51998
20240717102009,394.42981
20240717103009,524.10953
20240717104009,509.23572
20240717105009,566.12396
20240717110009,416.79432
20240717111009,428.93023
20240717112009,427.88281
20240717113009,375.6976
20240717114009,352.45531
20240717115009,298.64836
20240717120009,245.60383
20240717121009,240.89602
20240717122009,230.06164
20240717123009,216.56202
20240717124009,211.59689
20240717125009,211.1748
20240717130009,213.9305
20240717131009,211.0093
20240717132009,212.75677
20240717133009,208.60952
20240717134009,204.81036
20240717135009,205.19398
20240717140009,205.78291
20240717141009,202.94977
20240717142009,199.51815
20240717143009,200.12823
20240717144009,197.19195
20240717145009,196.4958
20240717150009,194.19279
20240717151009,193.2399
20240717152009,191.51692
20240717153009,189.57514
20240717154009,188.8649
20240717155009,189.04878
20240717160009,235.02167
20240717161009,245.12166
20240717162009,264.8412
20240717163009,265.70953
20240717164009,284.71354
20240717165009,389.38236
20240316090010,557.23977
20240316091010,282.14254
20240316092010,436.4838
20240316093010,703.95735
20240316094010,899.51687
20240316095010,983.23295
20240316100010,822.51696
20240316101010,596.35506
20240316102010,421.24952
20240316103010,562.2744
20240316104010,508.22294
20240316105010,553.40262
20240316110010,416.79432
20240316111010,428.93023
20240316112010,427.88281
20240316113010,375.6976
20240316114010,352.45531
20240316115010,298.64836
20240316120010,245.60383
20240316121010,240.89602
20240316122010,230.06164
20240316123010,216.56202
20240316124010,211.59689
20240316125010,211.1748
20240316130010,213.9305
20240316131010,211.0093
20240316132010,212.75677
20240316133010,208.60952
20240316134010,204.81036
20240316135010,205.19398
20240316140010,205.78291
20240316141010,202.94977
20240316142010,199.51815
20240316143010,200.12823
20240316144010,197.19195
20240316145010,196.4958
20240316150010,194.19279
20240316151010,193.2399
20240316152010,191.51692
20240316153010,189.57514
20240316154010,188.8649
20240316155010,189.04878
20240316160010,235.02167
20240316161010,245.12166
20240316162010,264.8412
20240316163010,265.70953
20240316164010,284.71354
20240316165010,389.38236
20240324090010,495.86558
20240324091010,246.81186
20240324092010,547.53671
20240324093010,648.29093
20240324094010,834.06154
20240324095010,971.77014
20240324100010,902.35211
20240324101010,766.43118
20240324102010,461.91988
20240324103010,551.37578
20240324104010,495.3326
20240324105010,558.03312
20240324110010,416.79432
20240324111010,428.93023
20240324112010,427.88281
20240324113010,375.6976
20240324114010,352.45531
20240324115010,298.64836
20240324120010,245.60383
20240324121010,240.89602
20240324122010,230.06164
20240324123010,216.56202
20240324124010,211.59689
20240324125010,211.1748
20240324130010,213.9305
20240324131010,211.0093
20240324132010,212.75677
20240324133010,208.60952
20240324134010,204.81036
20240324135010,205.19398
20240324140010,205.78291
20240324141010,202.94977
20240324142010,199.51815
20240324143010,200.12823
20240324144010,197.19195
20240324145010,196.4958
20240324150010,194.19279
20240324151010,193.2399
20240324152010,191.51692
20240324153010,189.57514
20240324154010,188.8649
20240324155010,189.04878
20240324160010,235.02167
20240324161010,245.12166
20240324162010,264.8412
20240324163010,265.70953
20240324164010,284.71354
20240324165010,389.38236
20240412090010,694.18532
20240412091010,284.09924
20240412092010,294.70212
20240412093010,682.77818
20240412094010,963.11861
20240412095010,788.65598
20240412100010,847.91129
20240412101010,525.32849
20240412102010,390.74182
20240412103010,479.24893
20240412104010,491.91887
20240412105010,551.28253
20240412110010,416.79432
20240412111010,428.93023
20240412112010,427.88281
20240412113010,375.6976
20240412114010,352.45531
20240412115010,298.64836
20240412120010,245.60383
20240412121010,240.89602
20240412122010,230.06164
20240412123010,216.56202
20240412124010,211.59689
20240412125010,211.1748
20240412130010,213.9305
20240412131010,211.0093
20240412132010,212.75677
20240412133010,208.60952
20240412134010,204.81036
20240412135010,205.19398
20240412140010,205.78291
20240412141010,202.94977
20240412142010,199.51815
20240412143010,200.12823
20240412144010,197.19195
20240412145010,196.4958
20240412150010,194.19279
20240412151010,193.2399
20240412152010,191.51692
20240412153010,189.57514
20240412154010,188.8649
20240412155010,189.04878
20240412160010,235.02167
20240412161010,245.12166
20240412162010,264.8412
20240412163010,265.70953
20240412164010,284.71354
20240412165010,389.38236
20240419090010,247.27234
20240419091010,369.34401
20240419092010,376.92378
20240419093010,527.78502
20240419094010,637.17911
20240419095010,684.45407
20240419100010,579.94492
20240419101010,594.62623
20240419102010,640.18968
20240419103010,706.33226
20240419104010,476.67311
20240419105010,505.55203
20240419110010,416.79432
20240419111010,428.93023
20240419112010,427.88281
20240419113010,375.6976
20240419114010,352.45531
20240419115010,298.64836
20240419120010,245.60383
20240419121010,240.89602
20240419122010,230.06164
20240419123010,216.56202
20240419124010,211.59689
20240419125010,211.1748
20240419130010,213.9305
20240419131010,211.0093
20240419132010,212.75677
20240419133010,208.60952
20240419134010,204.81036
20240419135010,205.19398
20240419140010,205.78291
20240419141010,202.94977
20240419142010,199.51815
20240419143010,200.12823
20240419144010,197.19195
20240419145010,196.4958
20240419150010,194.19279
20240419151010,193.2399
20240419152010,191.51692
20240419153010,189.57514
20240419154010,188.8649
20240419155010,189.04878
20240419160010,235.02167
20240419161010,245.12166
20240419162010,264.8412
20240419163010,265.70953
20240419164010,284.71354
20240419165010,389.38236
20240515090010,371.17302
20240515091010,223.36247
20240515092010,483.87161
20240515093010,670.32946
20240515094010,626.3814
20240515095010,934.96391
20240515100010,950.94864
20240515101010,728.63635
20240515102010,466.35533
20240515103010,533.00894
20240515104010,493.64175
20240515105010,561.96225
20240515110010,416.79432
20240515111010,428.93023
20240515112010,427.88281
20240515113010,375.6976
20240515114010,352.45531
20240515115010,298.64836
20240515120010,245.60383
20240515121010,240.89602
20240515122010,230.06164
20240515123010,216.56202
20240515124010,211.59689
20240515125010,211.1748
20240515130010,213.9305
20240515131010,211.0093
20240515132010,212.75677
20240515133010,208.60952
20240515134010,204.81036
20240515135010,205.19398
20240515140010,205.78291
20240515141010,202.94977
20240515142010,199.51815
20240515143010,200.12823
20240515144010,197.19195
20240515145010,196.4958
20240515150010,194.19279
20240515151010,193.2399
20240515152010,191.51692
20240515153010,189.57514
20240515154010,188.8649
20240515155010,189.04878
20240515160010,235.02167
20240515161010,245.12166
20240515162010,264.8412
20240515163010,265.70953
20240515164010,284.71354
20240515165010,389.38236
20240526090010,203.38841
20240526091010,287.18358
20240526092010,327.07392
20240526093010,512.52181
20240526094010,645.97083
20240526095010,781.84227
20240526100010,721.70616
20240526101010,662.28223
20240526102010,587.79825
20240526103010,672.84961
20240526104010,469.67842
20240526105010,504.46359
20240526110010,416.79432
20240526111010,428.93023
20240526112010,427.88281
20240526113010,375.6976
20240526114010,352.45531
20240526115010,298.64836
20240526120010,245.60383
20240526121010,240.89602
20240526122010,230.06164
20240526123010,216.56202
20240526124010,211.59689
20240526125010,211.1748
20240526130010,213.9305
20240526131010,211.0093
20240526132010,212.75677
20240526133010,208.60952
20240526134010,204.81036
20240526135010,205.19398
20240526140010,205.78291
20240526141010,202.94977
20240526142010,199.51815
20240526143010,200.12823
20240526144010,197.19195
20240526145010,196.4958
20240526150010,194.19279
20240526151010,193.2399
20240526152010,191.51692
20240526153010,189.57514
20240526154010,188.8649
20240526155010,189.04878
20240526160010,235.02167
20240526161010,245.12166
20240526162010,264.8412
20240526163010,265.70953
20240526164010,284.71354
20240526165010,389.38236
20240617090010,203.94257
20240617091010,342.75288
20240617092010,354.27482
20240617093010,569.5999
20240617094010,685.42819
20240617095010,735.04989
20240617100010,778.78014
20240617101010,674.62136
20240617102010,552.28026
20240617103010,666.57289
20240617104010,491.42146
20240617105010,532.14145
20240617110010,416.79432
20240617111010,428.93023
20240617112010,427.88281
20240617113010,375.6976
20240617114010,352.45531
20240617115010,298.64836
20240617120010,245.60383
20240617121010,240.89602
20240617122010,230.06164
20240617123010,216.56202
20240617124010,211.59689
20240617125010,211.1748
20240617130010,213.9305
20240617131010,211.0093
20240617132010,212.75677
20240617133010,208.60952
20240617134010,204.81036
20240617135010,205.19398
20240617140010,205.78291
20240617141010,202.94977
20240617142010,199.51815
20240617143010,200.12823
20240617144010,197.19195
20240617145010,196.4958
20240617150010,194.19279
20240617151010,193.2399
20240617152010,191.51692
20240617153010,189.57514
20240617154010,188.8649
20240617155010,189.04878
20240617160010,235.02167
20240617161010,245.12166
20240617162010,264.8412
20240617163010,265.70953
20240617164010,284.71354
20240617165010,389.38236
20240630090010,502.56376
20240630091010,206.20218
20240630092010,230.37562
20240630093010,640.64717
20240630094010,986.67174
20240630095010,633.04912
20240630100010,866.69978
20240630101010,655.10724
20240630102010,391.05837
20240630103010,466.09091
20240630104010,476.20382
20240630105010,558.53433
20240630110010,416.79432
20240630111010,428.93023
20240630112010,427.88281
20240630113010,375.6976
20240630114010,352.45531
20240630115010,298.64836
20240630120010,245.60383
20240630121010,240.89602
20240630122010,230.06164
20240630123010,216.56202
20240630124010,211.59689
20240630125010,211.1748
20240630130010,213.9305
20240630131010,211.0093
20240630132010,212.75677
20240630133010,208.60952
20240630134010,204.81036
20240630135010,205.19398
20240630140010,205.78291
20240630141010,202.94977
20240630142010,199.51815
20240630143010,200.12823
20240630144010,197.19195
20240630145010,196.4958
20240630150010,194.19279
20240630151010,193.2399
20240630152010,191.51692
20240630153010,189.57514
20240630154010,188.8649
20240630155010,189.04878
20240630160010,235.02167
20240630161010,245.12166
20240630162010,264.8412
20240630163010,265.70953
20240630164010,284.71354
20240630165010,389.38236
20240714090010,541.19644
20240714091010,234.01618
20240714092010,378.04037
20240714093010,617.77783
20240714094010,896.2162
20240714095010,862.75773
20240714100010,866.83726
20240714101010,836.9503
20240714102010,462.83269
20240714103010,533.59553
20240714104010,472.40979
20240714105010,564.81946
20240714110010,416.79432
20240714111010,428.93023
20240714112010,427.88281
20240714113010,375.6976
20240714114010,352.45531
20240714115010,298.64836
20240714120010,245.60383
20240714121010,240.89602
20240714122010,230.06164
20240714123010,216.56202
20240714124010,211.59689
20240714125010,211.1748
20240714130010,213.9305
20240714131010,211.0093
20240714132010,212.75677
20240714133010,208.60952
20240714134010,204.81036
20240714135010,205.19398
20240714140010,205.78291
20240714141010,202.94977
20240714142010,199.51815
20240714143010,200.12823
20240714144010,197.19195
20240714145010,196.4958
20240714150010,194.19279
20240714151010,193.2399
20240714152010,191.51692
20240714153010,189.57514
20240714154010,188.8649
20240714155010,189.04878
20240714160010,235.02167
20240714161010,245.12166
20240714162010,264.8412
20240714163010,265.70953
20240714164010,284.71354
20240714165010,389.38236
20240718090010,543.05762
20240718091010,236.17212
20240718092010,319.41908
20240718093010,575.18002
20240718094010,979.09272
20240718095010,789.92719
20240718100010,874.76431
20240718101010,754.81636
20240718102010,405.03053
20240718103010,493.71189
20240718104010,469.68325
20240718105010,552.64194
20240718110010,416.79432
20240718111010,428.93023
20240718112010,427.88281
20240718113010,375.6976
20240718114010,352.45531
20240718115010,298.64836
20240718120010,245.60383
20240718121010,240.89602
20240718122010,230.06164
20240718123010,216.56202
20240718124010,211.59689
20240718125010,211.1748
20240718130010,213.9305
20240718131010,211.0093
20240718132010,212.75677
20240718133010,208.60952
20240718134010,204.81036
20240718135010,205.19398
20240718140010,205.78291
20240718141010,202.94977
20240718142010,199.51815
20240718143010,200.12823
20240718144010,197.19195
20240718145010,196.4958
20240718150010,194.19279
20240718151010,193.2399
20240718152010,191.51692
20240718153010,189.57514
20240718154010,188.8649
20240718155010,189.04878
20240718160010,235.02167
20240718161010,245.12166
20240718162010,264.8412
20240718163010,265.70953
20240718164010,284.71354
20240718165010,389.38236
20240720090010,557.65045
20240720091010,234.21138
20240720092010,357.09266
20240720093010,609.68951
20240720094010,968.50204
20240720095010,789.1898
20240720100010,869.93952
20240720101010,798.14927
20240720102010,419.64073
20240720103010,494.67512
20240720104010,469.36322
20240720105010,557.82781
20240720110010,416.79432
20240720111010,428.93023
20240720112010,427.88281
20240720113010,375.6976
20240720114010,352.45531
20240720115010,298.64836
20240720120010,245.60383
20240720121010,240.89602
20240720122010,230.06164
20240720123010,216.56202
20240720124010,211.59689
20240720125010,211.1748
20240720130010,213.9305
20240720131010,211.0093
20240720132010,212.75677
20240720133010,208.60952
20240720134010,204.81036
20240720135010,205.19398
20240720140010,205.78291
20240720141010,202.94977
20240720142010,199.51815
20240720143010,200.12823
20240720144010,197.19195
20240720145010,196.4958
20240720150010,194.19279
20240720151010,193.2399
20240720152010,191.51692
20240720153010,189.57514
20240720154010,188.8649
20240720155010,189.04878
20240720160010,235.02167
20240720161010,245.12166
20240720162010,264.8412
20240720163010,265.70953
20240720164010,284.71354
20240720165010,389.38236
20240322090011,212.26304
20240322091011,310.13185
20240322092011,387.55177
20240322093011,474.75414
20240322094011,586.85638
20240322095011,762.13446
20240322100011,742.8229
20240322101011,642.49837
20240322102011,566.73646
20240322103011,660.63844
20240322104011,469.37441
20240322105011,504.86797
20240322110011,416.79432
20240322111011,428.93023
20240322112011,427.88281
20240322113011,375.6976
20240322114011,352.45531
20240322115011,298.64836
20240322120011,245.60383
20240322121011,240.89602
20240322122011,230.06164
20240322123011,216.56202
20240322124011,211.59689
20240322125011,211.1748
20240322130011,213.9305
20240322131011,211.0093
20240322132011,212.75677
20240322133011,208.60952
20240322134011,204.81036
20240322135011,205.19398
20240322140011,205.78291
20240322141011,202.94977
20240322142011,199.51815
20240322143011,200.12823
20240322144011,197.19195
20240322145011,196.4958
20240322150011,194.19279
20240322151011,193.2399
20240322152011,191.51692
20240322153011,189.57514
20240322154011,188.8649
20240322155011,189.04878
20240322160011,235.02167
20240322161011,245.12166
20240322162011,264.8412
20240322163011,265.70953
20240322164011,284.71354
20240322165011,389.38236
20240327090011,191.33415
20240327091011,257.85828
20240327092011,331.86366
20240327093011,467.79053
20240327094011,569.72645
20240327095011,629.05429
20240327100011,596.81934
20240327101011,629.51407
20240327102011,628.34044
20240327103011,692.27795
20240327104011,472.49548
20240327105011,506.03924
20240327110011,416.79432
20240327111011,428.93023
20240327112011,427.88281
20240327113011,375.6976
20240327114011,352.45531
20240327115011,298.64836
20240327120011,245.60383
20240327121011,240.89602
20240327122011,230.06164
20240327123011,216.56202
20240327124011,211.59689
20240327125011,211.1748
20240327130011,213.9305
20240327131011,211.0093
20240327132011,212.75677
20240327133011,208.60952
20240327134011,204.81036
20240327135011,205.19398
20240327140011,205.78291
20240327141011,202.94977
20240327142011,199.51815
20240327143011,200.12823
20240327144011,197.19195
20240327145011,196.4958
20240327150011,194.19279
20240327151011,193.2399
20240327152011,191.51692
20240327153011,189.57514
20240327154011,188.8649
20240327155011,189.04878
20240327160011,235.02167
20240327161011,245.12166
20240327162011,264.8412
20240327163011,265.70953
20240327164011,284.71354
20240327165011,389.38236
20240413090011,261.68089
20240413091011,358.60861
20240413092011,323.83511
20240413093011,623.45277
20240413094011,782.64895
20240413095011,810.99088
20240413100011,794.9679
20240413101011,652.30786
20240413102011,496.04406
20240413103011,606.80138
20240413104011,479.44697
20240413105011,507.17753
20240413110011,416.79432
20240413111011,428.93023
20240413112011,427.88281
20240413113011,375.6976
20240413114011,352.45531
20240413115011,298.64836
20240413120011,245.60383
20240413121011,240.89602
20240413122011,230.06164
20240413123011,216.56202
20240413124011,211.59689
20240413125011,211.1748
20240413130011,213.9305
20240413131011,211.0093
20240413132011,212.75677
20240413133011,208.60952
20240413134011,204.81036
20240413135011,205.19398
20240413140011,205.78291
20240413141011,202.94977
20240413142011,199.51815
20240413143011,200.12823
20240413144011,197.19195
20240413145011,196.4958
20240413150011,194.19279
20240413151011,193.2399
20240413152011,191.51692
20240413153011,189.57514
20240413154011,188.8649
20240413155011,189.04878
20240413160011,235.02167
20240413161011,245.12166
20240413162011,264.8412
20240413163011,265.70953
20240413164011,284.71354
20240413165011,389.38236
20240426090011,348.52749
20240426091011,320.55901
20240426092011,295.77923
20240426093011,582.59003
20240426094011,626.83092
20240426095011,993.12122
20240426100011,791.14697
20240426101011,428.96027
20240426102011,641.16925
20240426103011,718.44786
20240426104011,571.02638
20240426105011,569.49095
20240426110011,416.79432
20240426111011,428.93023
20240426112011,427.88281
20240426113011,375.6976
20240426114011,352.45531
20240426115011,298.64836
20240426120011,245.60383
20240426121011,240.89602
20240426122011,230.06164
20240426123011,216.56202
20240426124011,211.59689
20240426125011,211.1748
20240426130011,213.9305
20240426131011,211.0093
20240426132011,212.75677
20240426133011,208.60952
20240426134011,204.81036
20240426135011,205.19398
20240426140011,205.78291
20240426141011,202.94977
20240426142011,199.51815
20240426143011,200.12823
20240426144011,197.19195
20240426145011,196.4958
20240426150011,194.19279
20240426151011,193.2399
20240426152011,191.51692
20240426153011,189.57514
20240426154011,188.8649
20240426155011,189.04878
20240426160011,235.02167
20240426161011,245.12166
20240426162011,264.8412
20240426163011,265.70953
20240426164011,284.71354
20240426165011,389.38236
20240606090011,192.80568
20240606091011,327.24118
20240606092011,353.52697
20240606093011,551.27154
20240606094011,676.92043
20240606095011,701.84021
20240606100011,683.96848
20240606101011,603.96216
20240606102011,608.42086
20240606103011,717.88215
20240606104011,502.74813
20240606105011,536.95691
20240606110011,416.79432
20240606111011,428.93023
20240606112011,427.88281
20240606113011,375.6976
20240606114011,352.45531
20240606115011,298.64836
20240606120011,245.60383
20240606121011,240.89602
20240606122011,230.06164
20240606123011,216.56202
20240606124011,211.59689
20240606125011,211.1748
20240606130011,213.9305
20240606131011,211.0093
20240606132011,212.75677
20240606133011,208.60952
20240606134011,204.81036
20240606135011,205.19398
20240606140011,205.78291
20240606141011,202.94977
20240606142011,199.51815
20240606143011,200.12823
20240606144011,197.19195
20240606145011,196.4958
20240606150011,194.19279
20240606151011,193.2399
20240606152011,191.51692
20240606153011,189.57514
20240606154011,188.8649
20240606155011,189.04878
20240606160011,235.02167
20240606161011,245.12166
20240606162011,264.8412
20240606163011,265.70953
20240606164011,284.71354
20240606165011,389.38236
20240712090011,367.9942
20240712091011,275.99075
20240712092011,285.89809
20240712093011,688.60833
20240712094011,712.80658
20240712095011,989.59315
20240712100011,878.81114
20240712101011,505.33934
20240712102011,583.25349
20240712103011,701.31934
20240712104011,556.80061
20240712105011,571.12907
20240712110011,416.79432
20240712111011,428.93023
20240712112011,427.88281
20240712113011,375.6976
20240712114011,352.45531
20240712115011,298.64836
20240712120011,245.60383
20240712121011,240.89602
20240712122011,230.06164
20240712123011,216.56202
20240712124011,211.59689
20240712125011,211.1748
20240712130011,213.9305
20240712131011,211.0093
20240712132011,212.75677
20240712133011,208.60952
20240712134011,204.81036
20240712135011,205.19398
20240712140011,205.78291
20240712141011,202.94977
20240712142011,199.51815
20240712143011,200.12823
20240712144011,197.19195
20240712145011,196.4958
20240712150011,194.19279
20240712151011,193.2399
20240712152011,191.51692
20240712153011,189.57514
20240712154011,188.8649
20240712155011,189.04878
20240712160011,235.02167
20240712161011,245.12166
20240712162011,264.8412
20240712163011,265.70953
20240712164011,284.71354
20240712165011,389.38236
20240315090012,195.30839
20240315091012,291.01352
20240315092012,370.01248
20240315093012,569.28294
20240315094012,602.97264
20240315095012,705.95363
20240315100012,521.96227
20240315101012,524.6165
20240315102012,592.77969
20240315103012,663.77841
20240315104012,476.14881
20240315105012,498.82761
20240315110012,416.79432
20240315111012,428.93023
20240315112012,427.88281
20240315113012,375.6976
20240315114012,352.45531
20240315115012,298.64836
20240315120012,245.60383
20240315121012,240.89602
20240315122012,230.06164
20240315123012,216.56202
20240315124012,211.59689
20240315125012,211.1748
20240315130012,213.9305
20240315131012,211.0093
20240315132012,212.75677
20240315133012,208.60952
20240315134012,204.81036
20240315135012,205.19398
20240315140012,205.78291
20240315141012,202.94977
20240315142012,199.51815
20240315143012,200.12823
20240315144012,197.19195
20240315145012,196.4958
20240315150012,194.19279
20240315151012,193.2399
20240315152012,191.51692
20240315153012,189.57514
20240315154012,188.8649
20240315155012,189.04878
20240315160012,235.02167
20240315161012,245.12166
20240315162012,264.8412
20240315163012,265.70953
20240315164012,284.71354
20240315165012,389.38236
20240317090012,190.0284
20240317091012,277.67758
20240317092012,362.32189
20240317093012,582.06589
20240317094012,646.82837
20240317095012,694.244
20240317100012,506.12661
20240317101012,548.07253
20240317102012,588.93141
20240317103012,671.24777
20240317104012,475.90007
20240317105012,498.14792
20240317110012,416.79432
20240317111012,428.93023
20240317112012,427.88281
20240317113012,375.6976
20240317114012,352.45531
20240317115012,298.64836
20240317120012,245.60383
20240317121012,240.89602
20240317122012,230.06164
20240317123012,216.56202
20240317124012,211.59689
20240317125012,211.1748
20240317130012,213.9305
20240317131012,211.0093
20240317132012,212.75677
20240317133012,208.60952
20240317134012,204.81036
20240317135012,205.19398
20240317140012,205.78291
20240317141012,202.94977
20240317142012,199.51815
20240317143012,200.12823
20240317144012,197.19195
20240317145012,196.4958
20240317150012,194.19279
20240317151012,193.2399
20240317152012,191.51692
20240317153012,189.57514
20240317154012,188.8649
20240317155012,189.04878
20240317160012,235.02167
20240317161012,245.12166
20240317162012,264.8412
20240317163012,265.70953
20240317164012,284.71354
20240317165012,389.38236
20240412090012,266.02129
20240412091012,234.14248
20240412092012,335.87576
20240412093012,783.47238
20240412094012,881.95649
20240412095012,723.95939
20240412100012,716.56407
20240412101012,486.71232
20240412102012,392.63061
20240412103012,595.56683
20240412104012,558.50468
20240412105012,516.82299
20240412110012,416.79432
20240412111012,428.93023
20240412112012,427.88281
20240412113012,375.6976
20240412114012,352.45531
20240412115012,298.64836
20240412120012,245.60383
20240412121012,240.89602
20240412122012,230.06164
20240412123012,216.56202
20240412124012,211.59689
20240412125012,211.1748
20240412130012,213.9305
20240412131012,211.0093
20240412132012,212.75677
20240412133012,208.60952
20240412134012,204.81036
20240412135012,205.19398
20240412140012,205.78291
20240412141012,202.94977
20240412142012,199.51815
20240412143012,200.12823
20240412144012,197.19195
20240412145012,196.4958
20240412150012,194.19279
20240412151012,193.2399
20240412152012,191.51692
20240412153012,189.57514
20240412154012,188.8649
20240412155012,189.04878
20240412160012,235.02167
20240412161012,245.12166
20240412162012,264.8412
20240412163012,265.70953
20240412164012,284.71354
20240412165012,389.38236
20240426090012,416.91322
20240426091012,325.55461
20240426092012,294.84047
20240426093012,661.99949
20240426094012,637.63837
20240426095012,996.13846
20240426100012,793.64179
20240426101012,462.70001
20240426102012,604.27941
20240426103012,712.39379
20240426104012,567.02116
20240426105012,567.95977
20240426110012,416.79432
20240426111012,428.93023
20240426112012,427.88281
20240426113012,375.6976
20240426114012,352.45531
20240426115012,298.64836
20240426120012,245.60383
20240426121012,240.89602
20240426122012,230.06164
20240426123012,216.56202
20240426124012,211.59689
20240426125012,211.1748
20240426130012,213.9305
20240426131012,211.0093
20240426132012,212.75677
20240426133012,208.60952
20240426134012,204.81036
20240426135012,205.19398
20240426140012,205.78291
20240426141012,202.94977
20240426142012,199.51815
20240426143012,200.12823
20240426144012,197.19195
20240426145012,196.4958
20240426150012,194.19279
20240426151012,193.2399
20240426152012,191.51692
20240426153012,189.57514
20240426154012,188.8649
20240426155012,189.04878
20240426160012,235.02167
20240426161012,245.12166
20240426162012,264.8412
20240426163012,265.70953
20240426164012,284.71354
20240426165012,389.38236
20240521090012,207.17064
20240521091012,330.21517
20240521092012,380.61037
20240521093012,571.92496
20240521094012,722.46625
20240521095012,690.96322
20240521100012,510.61527
20240521101012,567.07968
20240521102012,635.50009
20240521103012,701.97525
20240521104012,475.90561
20240521105012,505.79654
20240521110012,416.79432
20240521111012,428.93023
20240521112012,427.88281
20240521113012,375.6976
20240521114012,352.45531
20240521115012,298.64836
20240521120012,245.60383
20240521121012,240.89602
20240521122012,230.06164
20240521123012,216.56202
20240521124012,211.59689
20240521125012,211.1748
20240521130012,213.9305
20240521131012,211.0093
20240521132012,212.75677
20240521133012,208.60952
20240521134012,204.81036
20240521135012,205.19398
20240521140012,205.78291
20240521141012,202.94977
20240521142012,199.51815
20240521143012,200.12823
20240521144012,197.19195
20240521145012,196.4958
20240521150012,194.19279
20240521151012,193.2399
20240521152012,191.51692
20240521153012,189.57514
20240521154012,188.8649
20240521155012,189.04878
20240521160012,235.02167
20240521161012,245.12166
20240521162012,264.8412
20240521163012,265.70953
20240521164012,284.71354
20240521165012,389.38236
20240619090012,220.80473
20240619091012,227.60393
20240619092012,303.54571
20240619093012,677.54118
20240619094012,800.51438
20240619095012,981.08268
20240619100012,927.49262
20240619101012,465.04499
20240619102012,569.15197
20240619103012,699.22412
20240619104012,559.40585
20240619105012,565.6006
20240619110012,416.79432
20240619111012,428.93023
20240619112012,427.88281
20240619113012,375.6976
20240619114012,352.45531
20240619115012,298.64836
20240619120012,245.60383
20240619121012,240.89602
20240619122012,230.06164
20240619123012,216.56202
20240619124012,211.59689
20240619125012,211.1748
20240619130012,213.9305
20240619131012,211.0093
20240619132012,212.75677
20240619133012,208.60952
20240619134012,204.81036
20240619135012,205.19398
20240619140012,205.78291
20240619141012,202.94977
20240619142012,199.51815
20240619143012,200.12823
20240619144012,197.19195
20240619145012,196.4958
20240619150012,194.19279
20240619151012,193.2399
20240619152012,191.51692
20240619153012,189.57514
20240619154012,188.8649
20240619155012,189.04878
20240619160012,235.02167
20240619161012,245.12166
20240619162012,264.8412
20240619163012,265.70953
20240619164012,284.71354
20240619165012,389.38236
20240621090012,240.42182
20240621091012,243.181
20240621092012,302.52764
20240621093012,657.99537
20240621094012,791.73929
20240621095012,996.51725
20240621100012,872.03115
20240621101012,463.87702
20240621102012,608.0904
20240621103012,735.44118
20240621104012,565.96925
20240621105012,570.83097
20240621110012,416.79432
20240621111012,428.93023
20240621112012,427.88281
20240621113012,375.6976
20240621114012,352.45531
20240621115012,298.64836
20240621120012,245.60383
20240621121012,240.89602
20240621122012,230.06164
20240621123012,216.56202
20240621124012,211.59689
20240621125012,211.1748
20240621130012,213.9305
20240621131012,211.0093
20240621132012,212.75677
20240621133012,208.60952
20240621134012,204.81036
20240621135012,205.19398
20240621140012,205.78291
20240621141012,202.94977
20240621142012,199.51815
20240621143012,200.12823
20240621144012,197.19195
20240621145012,196.4958
20240621150012,194.19279
20240621151012,193.2399
20240621152012,191.51692
20240621153012,189.57514
20240621154012,188.8649
20240621155012,189.04878
20240621160012,235.02167
20240621161012,245.12166
20240621162012,264.8412
20240621163012,265.70953
20240621164012,284.71354
20240621165012,389.38236
20240705090012,220.51647
20240705091012,202.55495
20240705092012,309.69144
20240705093012,504.95343
20240705094012,835.70432
20240705095012,707.65001
20240705100012,837.53558
20240705101012,464.56024
20240705102012,456.58229
20240705103012,662.19134
20240705104012,558.54651
20240705105012,548.90123
20240705110012,416.79432
20240705111012,428.93023
20240705112012,427.88281
20240705113012,375.6976
20240705114012,352.45531
20240705115012,298.64836
20240705120012,245.60383
20240705121012,240.89602
20240705122012,230.06164
20240705123012,216.56202
20240705124012,211.59689
20240705125012,211.1748
20240705130012,213.9305
20240705131012,211.0093
20240705132012,212.75677
20240705133012,208.60952
20240705134012,204.81036
20240705135012,205.19398
20240705140012,205.78291
20240705141012,202.94977
20240705142012,199.51815
20240705143012,200.12823
20240705144012,197.19195
20240705145012,196.4958
20240705150012,194.19279
20240705151012,193.2399
20240705152012,191.51692
20240705153012,189.57514
20240705154012,188.8649
20240705155012,189.04878
20240705160012,235.02167
20240705161012,245.12166
20240705162012,264.8412
20240705163012,265.70953
20240705164012,284.71354
20240705165012,389.38236
20240713090012,250.02228
20240713091012,431.26097
20240713092012,312.45986
20240713093012,674.58316
20240713094012,703.93088
20240713095012,982.07777
20240713100012,751.91972
20240713101012,683.99034
20240713102012,589.59489
20240713103012,705.30276
20240713104012,532.98542
20240713105012,545.60565
20240713110012,416.79432
20240713111012,428.93023
20240713112012,427.88281
20240713113012,375.6976
20240713114012,352.45531
20240713115012,298.64836
20240713120012,245.60383
20240713121012,240.89602
20240713122012,230.06164
20240713123012,216.56202
20240713124012,211.59689
20240713125012,211.1748
20240713130012,213.9305
20240713131012,211.0093
20240713132012,212.75677
20240713133012,208.60952
20240713134012,204.81036
20240713135012,205.19398
20240713140012,205.78291
20240713141012,202.94977
20240713142012,199.51815
20240713143012,200.12823
20240713144012,197.19195
20240713145012,196.4958
20240713150012,194.19279
20240713151012,193.2399
20240713152012,191.51692
20240713153012,189.57514
20240713154012,188.8649
20240713155012,189.04878
20240713160012,235.02167
20240713161012,245.12166
20240713162012,264.8412
20240713163012,265.70953
20240713164012,284.71354
20240713165012,389.38236
20240214090013,887.45259
20240214091013,678.9833
20240214092013,688.40895
20240214093013,968.90425
20240214094013,967.8974
20240214095013,878.49609
20240214100013,904.40589
20240214101013,508.21042
20240214102013,378.11815
20240214103013,460.85078
20240214104013,526.58322
20240214105013,502.37973
20240214110013,416.79432
20240214111013,428.93023
20240214112013,427.88281
20240214113013,375.6976
20240214114013,352.45531
20240214115013,298.64836
20240214120013,245.60383
20240214121013,240.89602
20240214122013,230.06164
20240214123013,216.56202
20240214124013,211.59689
20240214125013,211.1748
20240214130013,213.9305
20240214131013,211.0093
20240214132013,212.75677
20240214133013,208.60952
20240214134013,204.81036
20240214135013,205.19398
20240214140013,205.78291
20240214141013,202.94977
20240214142013,199.51815
20240214143013,200.12823
20240214144013,197.19195
20240214145013,196.4958
20240214150013,194.19279
20240214151013,193.2399
20240214152013,191.51692
20240214153013,189.57514
20240214154013,188.8649
20240214155013,189.04878
20240214160013,235.02167
20240214161013,245.12166
20240214162013,264.8412
20240214163013,265.70953
20240214164013,284.71354
20240214165013,389.38236
20240221090013,887.83974
20240221091013,722.00651
20240221092013,839.3674
20240221093013,841.36264
20240221094013,922.41868
20240221095013,809.12202
20240221100013,864.89913
20240221101013,497.1341
20240221102013,381.68076
20240221103013,425.92295
20240221104013,511.04784
20240221105013,504.71814
20240221110013,416.79432
20240221111013,428.93023
20240221112013,427.88281
20240221113013,375.6976
20240221114013,352.45531
20240221115013,298.64836
20240221120013,245.60383
20240221121013,240.89602
20240221122013,230.06164
20240221123013,216.56202
20240221124013,211.59689
20240221125013,211.1748
20240221130013,213.9305
20240221131013,211.0093
20240221132013,212.75677
20240221133013,208.60952
20240221134013,204.81036
20240221135013,205.19398
20240221140013,205.78291
20240221141013,202.94977
20240221142013,199.51815
20240221143013,200.12823
20240221144013,197.19195
20240221145013,196.4958
20240221150013,194.19279
20240221151013,193.2399
20240221152013,191.51692
20240221153013,189.57514
20240221154013,188.8649
20240221155013,189.04878
20240221160013,235.02167
20240221161013,245.12166
20240221162013,264.8412
20240221163013,265.70953
20240221164013,284.71354
20240221165013,389.38236
20240314090013,191.26688
20240314091013,284.78823
20240314092013,327.85723
20240314093013,442.27576
20240314094013,588.66169
20240314095013,604.65082
20240314100013,456.96793
20240314101013,538.55713
20240314102013,654.16592
20240314103013,718.22055
20240314104013,487.29253
20240314105013,505.92871
20240314110013,416.79432
20240314111013,428.93023
20240314112013,427.88281
20240314113013,375.6976
20240314114013,352.45531
20240314115013,298.64836
20240314120013,245.60383
20240314121013,240.89602
20240314122013,230.06164
20240314123013,216.56202
20240314124013,211.59689
20240314125013,211.1748
20240314130013,213.9305
20240314131013,211.0093
20240314132013,212.75677
20240314133013,208.60952
20240314134013,204.81036
20240314135013,205.19398
20240314140013,205.78291
20240314141013,202.94977
20240314142013,199.51815
20240314143013,200.12823
20240314144013,197.19195
20240314145013,196.4958
20240314150013,194.19279
20240314151013,193.2399
20240314152013,191.51692
20240314153013,189.57514
20240314154013,188.8649
20240314155013,189.04878
20240314160013,235.02167
20240314161013,245.12166
20240314162013,264.8412
20240314163013,265.70953
20240314164013,284.71354
20240314165013,389.38236
20240316090013,550.59165
20240316091013,327.68012
20240316092013,466.46938
20240316093013,652.23542
20240316094013,825.24335
20240316095013,991.51277
20240316100013,870.1579
20240316101013,568.19085
20240316102013,421.15405
20240316103013,543.70706
20240316104013,499.00319
20240316105013,564.06219
20240316110013,416.79432
20240316111013,428.93023
20240316112013,427.88281
20240316113013,375.6976
20240316114013,352.45531
20240316115013,298.64836
20240316120013,245.60383
20240316121013,240.89602
20240316122013,230.06164
20240316123013,216.56202
20240316124013,211.59689
20240316125013,211.1748
20240316130013,213.9305
20240316131013,211.0093
20240316132013,212.75677
20240316133013,208.60952
20240316134013,204.81036
20240316135013,205.19398
20240316140013,205.78291
20240316141013,202.94977
20240316142013,199.51815
20240316143013,200.12823
20240316144013,197.19195
20240316145013,196.4958
20240316150013,194.19279
20240316151013,193.2399
20240316152013,191.51692
20240316153013,189.57514
20240316154013,188.8649
20240316155013,189.04878
20240316160013,235.02167
20240316161013,245.12166
20240316162013,264.8412
20240316163013,265.70953
20240316164013,284.71354
20240316165013,389.38236
20240328090013,511.28982
20240328091013,209.27215
20240328092013,302.20842
20240328093013,787.11509
20240328094013,973.95385
20240328095013,936.7539
20240328100013,871.14645
20240328101013,540.77932
20240328102013,395.86652
20240328103013,481.45541
20240328104013,480.39823
20240328105013,554.60254
20240328110013,416.79432
20240328111013,428.93023
20240328112013,427.88281
20240328113013,375.6976
20240328114013,352.45531
20240328115013,298.64836
20240328120013,245.60383
20240328121013,240.89602
20240328122013,230.06164
20240328123013,216.56202
20240328124013,211.59689
20240328125013,211.1748
20240328130013,213.9305
20240328131013,211.0093
20240328132013,212.75677
20240328133013,208.60952
20240328134013,204.81036
20240328135013,205.19398
20240328140013,205.78291
20240328141013,202.94977
20240328142013,199.51815
20240328143013,200.12823
20240328144013,197.19195
20240328145013,196.4958
20240328150013,194.19279
20240328151013,193.2399
20240328152013,191.51692
20240328153013,189.57514
20240328154013,188.8649
20240328155013,189.04878
20240328160013,235.02167
20240328161013,245.12166
20240328162013,264.8412
20240328163013,265.70953
20240328164013,284.71354
20240328165013,389.38236
20240412090013,666.66982
20240412091013,234.88458
20240412092013,311.1382
20240412093013,732.76037
20240412094013,959.60552
20240412095013,726.92933
20240412100013,861.25521
20240412101013,534.08364
20240412102013,394.28821
20240412103013,458.90563
20240412104013,472.43395
20240412105013,551.27377
20240412110013,416.79432
20240412111013,428.93023
20240412112013,427.88281
20240412113013,375.6976
20240412114013,352.45531
20240412115013,298.64836
20240412120013,245.60383
20240412121013,240.89602
20240412122013,230.06164
20240412123013,216.56202
20240412124013,211.59689
20240412125013,211.1748
20240412130013,213.9305
20240412131013,211.0093
20240412132013,212.75677
20240412133013,208.60952
20240412134013,204.81036
20240412135013,205.19398
20240412140013,205.78291
20240412141013,202.94977
20240412142013,199.51815
20240412143013,200.12823
20240412144013,197.19195
20240412145013,196.4958
20240412150013,194.19279
20240412151013,193.2399
20240412152013,191.51692
20240412153013,189.57514
20240412154013,188.8649
20240412155013,189.04878
20240412160013,235.02167
20240412161013,245.12166
20240412162013,264.8412
20240412163013,265.70953
20240412164013,284.71354
20240412165013,389.38236
20240619090013,508.64636
20240619091013,266.82379
20240619092013,330.04063
20240619093013,736.15205
20240619094013,930.33865
20240619095013,867.97127
20240619100013,886.99517
20240619101013,641.44964
20240619102013,418.43939
20240619103013,525.90498
20240619104013,477.69068
20240619105013,563.30166
20240619110013,416.79432
20240619111013,428.93023
20240619112013,427.88281
20240619113013,375.6976
20240619114013,352.45531
20240619115013,298.64836
20240619120013,245.60383
20240619121013,240.89602
20240619122013,230.06164
20240619123013,216.56202
20240619124013,211.59689
20240619125013,211.1748
20240619130013,213.9305
20240619131013,211.0093
20240619132013,212.75677
20240619133013,208.60952
20240619134013,204.81036
20240619135013,205.19398
20240619140013,205.78291
20240619141013,202.94977
20240619142013,199.51815
20240619143013,200.12823
20240619144013,197.19195
20240619145013,196.4958
20240619150013,194.19279
20240619151013,193.2399
20240619152013,191.51692
20240619153013,189.57514
20240619154013,188.8649
20240619155013,189.04878
20240619160013,235.02167
20240619161013,245.12166
20240619162013,264.8412
20240619163013,265.70953
20240619164013,284.71354
20240619165013,389.38236
20240225090014,205.98756
20240225091014,454.10029
20240225092014,531.29298
20240225093014,621.19455
20240225094014,671.83762
20240225095014,439.58998
20240225100014,411.32188
20240225101014,620.04957
20240225102014,664.64914
20240225103014,602.14641
20240225104014,436.4524
20240225105014,478.99777
20240225110014,416.79432
20240225111014,428.93023
20240225112014,427.88281
20240225113014,375.6976
20240225114014,352.45531
20240225115014,298.64836
20240225120014,245.60383
20240225121014,240.89602
20240225122014,230.06164
20240225123014,216.56202
20240225124014,211.59689
20240225125014,211.1748
20240225130014,213.9305
20240225131014,211.0093
20240225132014,212.75677
20240225133014,208.60952
20240225134014,204.81036
20240225135014,205.19398
20240225140014,205.78291
20240225141014,202.94977
20240225142014,199.51815
20240225143014,200.12823
20240225144014,197.19195
20240225145014,196.4958
20240225150014,194.19279
20240225151014,193.2399
20240225152014,191.51692
20240225153014,189.57514
20240225154014,188.8649
20240225155014,189.04878
20240225160014,235.02167
20240225161014,245.12166
20240225162014,264.8412
20240225163014,265.70953
20240225164014,284.71354
20240225165014,389.38236
20240227090014,512.1828
20240227091014,504.01458
20240227092014,480.50924
20240227093014,527.74121
20240227094014,572.02489
20240227095014,667.1986
20240227100014,651.53806
20240227101014,694.29462
20240227102014,638.93725
20240227103014,601.05247
20240227104014,458.84486
20240227105014,476.43301
20240227110014,416.79432
20240227111014,428.93023
20240227112014,427.88281
20240227113014,375.6976
20240227114014,352.45531
20240227115014,298.64836
20240227120014,245.60383
20240227121014,240.89602
20240227122014,230.06164
20240227123014,216.56202
20240227124014,211.59689
20240227125014,211.1748
20240227130014,213.9305
20240227131014,211.0093
20240227132014,212.75677
20240227133014,208.60952
20240227134014,204.81036
20240227135014,205.19398
20240227140014,205.78291
20240227141014,202.94977
20240227142014,199.51815
20240227143014,200.12823
20240227144014,197.19195
20240227145014,196.4958
20240227150014,194.19279
20240227151014,193.2399
20240227152014,191.51692
20240227153014,189.57514
20240227154014,188.8649
20240227155014,189.04878
20240227160014,235.02167
20240227161014,245.12166
20240227162014,264.8412
20240227163014,265.70953
20240227164014,284.71354
20240227165014,389.38236
20240327090014,246.38269
20240327091014,317.41334
20240327092014,392.42216
20240327093014,521.26839
20240327094014,554.02493
20240327095014,712.24168
20240327100014,749.69006
20240327101014,638.02941
20240327102014,589.0193
20240327103014,684.54395
20240327104014,471.49226
20240327105014,505.79557
20240327110014,416.79432
20240327111014,428.93023
20240327112014,427.88281
20240327113014,375.6976
20240327114014,352.45531
20240327115014,298.64836
20240327120014,245.60383
20240327121014,240.89602
20240327122014,230.06164
20240327123014,216.56202
20240327124014,211.59689
20240327125014,211.1748
20240327130014,213.9305
20240327131014,211.0093
20240327132014,212.75677
20240327133014,208.60952
20240327134014,204.81036
20240327135014,205.19398
20240327140014,205.78291
20240327141014,202.94977
20240327142014,199.51815
20240327143014,200.12823
20240327144014,197.19195
20240327145014,196.4958
20240327150014,194.19279
20240327151014,193.2399
20240327152014,191.51692
20240327153014,189.57514
20240327154014,188.8649
20240327155014,189.04878
20240327160014,235.02167
20240327161014,245.12166
20240327162014,264.8412
20240327163014,265.70953
20240327164014,284.71354
20240327165014,389.38236
20240417090014,748.75014
20240417091014,223.75993
20240417092014,292.29446
20240417093014,628.89037
20240417094014,892.20011
20240417095014,808.09024
20240417100014,877.16858
20240417101014,452.70998
20240417102014,389.09327
20240417103014,480.13356
20240417104014,476.77752
20240417105014,536.12061
20240417110014,416.79432
20240417111014,428.93023
20240417112014,427.88281
20240417113014,375.6976
20240417114014,352.45531
20240417115014,298.64836
20240417120014,245.60383
20240417121014,240.89602
20240417122014,230.06164
20240417123014,216.56202
20240417124014,211.59689
20240417125014,211.1748
20240417130014,213.9305
20240417131014,211.0093
20240417132014,212.75677
20240417133014,208.60952
20240417134014,204.81036
20240417135014,205.19398
20240417140014,205.78291
20240417141014,202.94977
20240417142014,199.51815
20240417143014,200.12823
20240417144014,197.19195
20240417145014,196.4958
20240417150014,194.19279
20240417151014,193.2399
20240417152014,191.51692
20240417153014,189.57514
20240417154014,188.8649
20240417155014,189.04878
20240417160014,235.02167
20240417161014,245.12166
20240417162014,264.8412
20240417163014,265.70953
20240417164014,284.71354
20240417165014,389.38236
20240517090014,340.79922
20240517091014,257.28334
20240517092014,392.84193
20240517093014,768.6487
20240517094014,965.49323
20240517095014,853.7322
20240517100014,887.41996
20240517101014,454.29202
20240517102014,408.86367
20240517103014,530.19508
20240517104014,469.85252
20240517105014,494.22566
20240517110014,416.79432
20240517111014,428.93023
20240517112014,427.88281
20240517113014,375.6976
20240517114014,352.45531
20240517115014,298.64836
20240517120014,245.60383
20240517121014,240.89602
20240517122014,230.06164
20240517123014,216.56202
20240517124014,211.59689
20240517125014,211.1748
20240517130014,213.9305
20240517131014,211.0093
20240517132014,212.75677
20240517133014,208.60952
20240517134014,204.81036
20240517135014,205.19398
20240517140014,205.78291
20240517141014,202.94977
20240517142014,199.51815
20240517143014,200.12823
20240517144014,197.19195
20240517145014,196.4958
20240517150014,194.19279
20240517151014,193.2399
20240517152014,191.51692
20240517153014,189.57514
20240517154014,188.8649
20240517155014,189.04878
20240517160014,235.02167
20240517161014,245.12166
20240517162014,264.8412
20240517163014,265.70953
20240517164014,284.71354
20240517165014,389.38236
20240704090014,677.41752
20240704091014,202.34082
20240704092014,246.13816
20240704093014,789.87361
20240704094014,1000.96761
20240704095014,796.73148
20240704100014,874.42779
20240704101014,455.10393
20240704102014,381.64104
20240704103014,456.20241
20240704104014,476.86084
20240704105014,563.47548
20240704110014,416.79432
20240704111014,428.93023
20240704112014,427.88281
20240704113014,375.6976
20240704114014,352.45531
20240704115014,298.64836
20240704120014,245.60383
20240704121014,240.89602
20240704122014,230.06164
20240704123014,216.56202
20240704124014,211.59689
20240704125014,211.1748
20240704130014,213.9305
20240704131014,211.0093
20240704132014,212.75677
20240704133014,208.60952
20240704134014,204.81036
20240704135014,205.19398
20240704140014,205.78291
20240704141014,202.94977
20240704142014,199.51815
20240704143014,200.12823
20240704144014,197.19195
20240704145014,196.4958
20240704150014,194.19279
20240704151014,193.2399
20240704152014,191.51692
20240704153014,189.57514
20240704154014,188.8649
20240704155014,189.04878
20240704160014,235.02167
20240704161014,245.12166
20240704162014,264.8412
20240704163014,265.70953
20240704164014,284.71354
20240704165014,389.38236
20240715090014,701.41514
20240715091014,238.1246
20240715092014,304.24567
20240715093014,672.07333
20240715094014,855.42558
20240715095014,972.52213
20240715100014,961.97556
20240715101014,626.19904
20240715102014,463.85186
20240715103014,552.55102
20240715104014,494.7788
20240715105014,572.25372
20240715110014,416.79432
20240715111014,428.93023
20240715112014,427.88281
20240715113014,375.6976
20240715114014,352.45531
20240715115014,298.64836
20240715120014,245.60383
20240715121014,240.89602
20240715122014,230.06164
20240715123014,216.56202
20240715124014,211.59689
20240715125014,211.1748
20240715130014,213.9305
20240715131014,211.0093
20240715132014,212.75677
20240715133014,208.60952
20240715134014,204.81036
20240715135014,205.19398
20240715140014,205.78291
20240715141014,202.94977
20240715142014,199.51815
20240715143014,200.12823
20240715144014,197.19195
20240715145014,196.4958
20240715150014,194.19279
20240715151014,193.2399
20240715152014,191.51692
20240715153014,189.57514
20240715154014,188.8649
20240715155014,189.04878
20240715160014,235.02167
20240715161014,245.12166
20240715162014,264.8412
20240715163014,265.70953
20240715164014,284.71354
20240715165014,389.38236
20240215090015,505.33414
20240215091015,459.32994
20240215092015,670.0235
20240215093015,942.22565
20240215094015,936.11207
20240215095015,807.14491
20240215100015,939.04498
20240215101015,509.65462
20240215102015,366.54948
20240215103015,507.96196
20240215104015,560.44414
20240215105015,512.32315
20240215110015,416.79432
20240215111015,428.93023
20240215112015,427.88281
20240215113015,375.6976
20240215114015,352.45531
20240215115015,298.64836
20240215120015,245.60383
20240215121015,240.89602
20240215122015,230.06164
20240215123015,216.56202
20240215124015,211.59689
20240215125015,211.1748
20240215130015,213.9305
20240215131015,211.0093
20240215132015,212.75677
20240215133015,208.60952
20240215134015,204.81036
20240215135015,205.19398
20240215140015,205.78291
20240215141015,202.94977
20240215142015,199.51815
20240215143015,200.12823
20240215144015,197.19195
20240215145015,196.4958
20240215150015,194.19279
20240215151015,193.2399
20240215152015,191.51692
20240215153015,189.57514
20240215154015,188.8649
20240215155015,189.04878
20240215160015,235.02167
20240215161015,245.12166
20240215162015,264.8412
20240215163015,265.70953
20240215164015,284.71354
20240215165015,389.38236
20240218090015,329.42029
20240218091015,552.47983
20240218092015,552.4817
20240218093015,614.44121
20240218094015,642.41047
20240218095015,731.95868
20240218100015,756.52819
20240218101015,630.22538
20240218102015,484.9576
20240218103015,572.74204
20240218104015,471.5878
20240218105015,477.0851
20240218110015,416.79432
20240218111015,428.93023
20240218112015,427.88281
20240218113015,375.6976
20240218114015,352.45531
20240218115015,298.64836
20240218120015,245.60383
20240218121015,240.89602
20240218122015,230.06164
20240218123015,216.56202
20240218124015,211.59689
20240218125015,211.1748
20240218130015,213.9305
20240218131015,211.0093
20240218132015,212.75677
20240218133015,208.60952
20240218134015,204.81036
20240218135015,205.19398
20240218140015,205.78291
20240218141015,202.94977
20240218142015,199.51815
20240218143015,200.12823
20240218144015,197.19195
20240218145015,196.4958
20240218150015,194.19279
20240218151015,193.2399
20240218152015,191.51692
20240218153015,189.57514
20240218154015,188.8649
20240218155015,189.04878
20240218160015,235.02167
20240218161015,245.12166
20240218162015,264.8412
20240218163015,265.70953
20240218164015,284.71354
20240218165015,389.38236
20240314090015,190.66991
20240314091015,284.17525
20240314092015,318.05164
20240314093015,436.32261
20240314094015,443.01867
20240314095015,599.84854
20240314100015,530.74382
20240314101015,566.69134
20240314102015,639.9094
20240314103015,708.55629
20240314104015,475.79776
20240314105015,506.11969
20240314110015,416.79432
20240314111015,428.93023
20240314112015,427.88281
20240314113015,375.6976
20240314114015,352.45531
20240314115015,298.64836
20240314120015,245.60383
20240314121015,240.89602
20240314122015,230.06164
20240314123015,216.56202
20240314124015,211.59689
20240314125015,211.1748
20240314130015,213.9305
20240314131015,211.0093
20240314132015,212.75677
20240314133015,208.60952
20240314134015,204.81036
20240314135015,205.19398
20240314140015,205.78291
20240314141015,202.94977
20240314142015,199.51815
20240314143015,200.12823
20240314144015,197.19195
20240314145015,196.4958
20240314150015,194.19279
20240314151015,193.2399
20240314152015,191.51692
20240314153015,189.57514
20240314154015,188.8649
20240314155015,189.04878
20240314160015,235.02167
20240314161015,245.12166
20240314162015,264.8412
20240314163015,265.70953
20240314164015,284.71354
20240314165015,389.38236
20240317090015,251.39524
20240317091015,303.75696
20240317092015,465.72063
20240317093015,581.55597
20240317094015,667.34866
20240317095015,795.37621
20240317100015,846.88238
20240317101015,570.41315
20240317102015,541.42927
20240317103015,602.71156
20240317104015,469.46478
20240317105015,502.59456
20240317110015,416.79432
20240317111015,428.93023
20240317112015,427.88281
20240317113015,375.6976
20240317114015,352.45531
20240317115015,298.64836
20240317120015,245.60383
20240317121015,240.89602
20240317122015,230.06164
20240317123015,216.56202
20240317124015,211.59689
20240317125015,211.1748
20240317130015,213.9305
20240317131015,211.0093
20240317132015,212.75677
20240317133015,208.60952
20240317134015,204.81036
20240317135015,205.19398
20240317140015,205.78291
20240317141015,202.94977
20240317142015,199.51815
20240317143015,200.12823
20240317144015,197.19195
20240317145015,196.4958
20240317150015,194.19279
20240317151015,193.2399
20240317152015,191.51692
20240317153015,189.57514
20240317154015,188.8649
20240317155015,189.04878
20240317160015,235.02167
20240317161015,245.12166
20240317162015,264.8412
20240317163015,265.70953
20240317164015,284.71354
20240317165015,389.38236
20240412090015,798.67175
20240412091015,220.63951
20240412092015,347.99872
20240412093015,720.81717
20240412094015,853.13783
20240412095015,714.37688
20240412100015,887.23008
20240412101015,457.18833
20240412102015,395.09553
20240412103015,441.74462
20240412104015,454.10891
20240412105015,553.17632
20240412110015,416.79432
20240412111015,428.93023
20240412112015,427.88281
20240412113015,375.6976
20240412114015,352.45531
20240412115015,298.64836
20240412120015,245.60383
20240412121015,240.89602
20240412122015,230.06164
20240412123015,216.56202
20240412124015,211.59689
20240412125015,211.1748
20240412130015,213.9305
20240412131015,211.0093
20240412132015,212.75677
20240412133015,208.60952
20240412134015,204.81036
20240412135015,205.19398
20240412140015,205.78291
20240412141015,202.94977
20240412142015,199.51815
20240412143015,200.12823
20240412144015,197.19195
20240412145015,196.4958
20240412150015,194.19279
20240412151015,193.2399
20240412152015,191.51692
20240412153015,189.57514
20240412154015,188.8649
20240412155015,189.04878
20240412160015,235.02167
20240412161015,245.12166
20240412162015,264.8412
20240412163015,265.70953
20240412164015,284.71354
20240412165015,389.38236
20240518090015,693.71221
20240518091015,554.44099
20240518092015,567.81314
20240518093015,645.83209
20240518094015,806.94479
20240518095015,827.45415
20240518100015,923.68956
20240518101015,634.60569
20240518102015,478.16215
20240518103015,569.77289
20240518104015,444.99641
20240518105015,513.99295
20240518110015,416.79432
20240518111015,428.93023
20240518112015,427.88281
20240518113015,375.6976
20240518114015,352.45531
20240518115015,298.64836
20240518120015,245.60383
20240518121015,240.89602
20240518122015,230.06164
20240518123015,216.56202
20240518124015,211.59689
20240518125015,211.1748
20240518130015,213.9305
20240518131015,211.0093
20240518132015,212.75677
20240518133015,208.60952
20240518134015,204.81036
20240518135015,205.19398
20240518140015,205.78291
20240518141015,202.94977
20240518142015,199.51815
20240518143015,200.12823
20240518144015,197.19195
20240518145015,196.4958
20240518150015,194.19279
20240518151015,193.2399
20240518152015,191.51692
20240518153015,189.57514
20240518154015,188.8649
20240518155015,189.04878
20240518160015,235.02167
20240518161015,245.12166
20240518162015,264.8412
20240518163015,265.70953
20240518164015,284.71354
20240518165015,389.38236
20240530090015,677.32177
20240530091015,480.73151
20240530092015,568.90186
20240530093015,627.60492
20240530094015,760.60991
20240530095015,832.05472
20240530100015,858.20275
20240530101015,533.10412
20240530102015,459.66569
20240530103015,489.85971
20240530104015,429.63591
20240530105015,497.27808
20240530110015,416.79432
20240530111015,428.93023
20240530112015,427.88281
20240530113015,375.6976
20240530114015,352.45531
20240530115015,298.64836
20240530120015,245.60383
20240530121015,240.89602
20240530122015,230.06164
20240530123015,216.56202
20240530124015,211.59689
20240530125015,211.1748
20240530130015,213.9305
20240530131015,211.0093
20240530132015,212.75677
20240530133015,208.60952
20240530134015,204.81036
20240530135015,205.19398
20240530140015,205.78291
20240530141015,202.94977
20240530142015,199.51815
20240530143015,200.12823
20240530144015,197.19195
20240530145015,196.4958
20240530150015,194.19279
20240530151015,193.2399
20240530152015,191.51692
20240530153015,189.57514
20240530154015,188.8649
20240530155015,189.04878
20240530160015,235.02167
20240530161015,245.12166
20240530162015,264.8412
20240530163015,265.70953
20240530164015,284.71354
20240530165015,389.38236
20240605090015,438.26417
20240605091015,386.00087
20240605092015,416.75822
20240605093015,568.6943
20240605094015,681.0122
20240605095015,865.14084
20240605100015,937.53389
20240605101015,632.79919
20240605102015,531.18066
20240605103015,632.7239
20240605104015,476.93973
20240605105015,543.45151
20240605110015,416.79432
20240605111015,428.93023
20240605112015,427.88281
20240605113015,375.6976
20240605114015,352.45531
20240605115015,298.64836
20240605120015,245.60383
20240605121015,240.89602
20240605122015,230.06164
20240605123015,216.56202
20240605124015,211.59689
20240605125015,211.1748
20240605130015,213.9305
20240605131015,211.0093
20240605132015,212.75677
20240605133015,208.60952
20240605134015,204.81036
20240605135015,205.19398
20240605140015,205.78291
20240605141015,202.94977
20240605142015,199.51815
20240605143015,200.12823
20240605144015,197.19195
20240605145015,196.4958
20240605150015,194.19279
20240605151015,193.2399
20240605152015,191.51692
20240605153015,189.57514
20240605154015,188.8649
20240605155015,189.04878
20240605160015,235.02167
20240605161015,245.12166
20240605162015,264.8412
20240605163015,265.70953
20240605164015,284.71354
20240605165015,389.38236
20240704090015,886.84957
20240704091015,254.74174
20240704092015,332.77238
20240704093015,782.53098
20240704094015,955.17112
20240704095015,644.72113
20240704100015,868.38358
20240704101015,527.50384
20240704102015,403.46056
20240704103015,423.09306
20240704104015,432.69836
20240704105015,555.11829
20240704110015,416.79432
20240704111015,428.93023
20240704112015,427.88281
20240704113015,375.6976
20240704114015,352.45531
20240704115015,298.64836
20240704120015,245.60383
20240704121015,240.89602
20240704122015,230.06164
20240704123015,216.56202
20240704124015,211.59689
20240704125015,211.1748
20240704130015,213.9305
20240704131015,211.0093
20240704132015,212.75677
20240704133015,208.60952
20240704134015,204.81036
20240704135015,205.19398
20240704140015,205.78291
20240704141015,202.94977
20240704142015,199.51815
20240704143015,200.12823
20240704144015,197.19195
20240704145015,196.4958
20240704150015,194.19279
20240704151015,193.2399
20240704152015,191.51692
20240704153015,189.57514
20240704154015,188.8649
20240704155015,189.04878
20240704160015,235.02167
20240704161015,245.12166
20240704162015,264.8412
20240704163015,265.70953
20240704164015,284.71354
20240704165015,389.38236
20240316090016,743.27654
20240316091016,255.47755
20240316092016,396.1851
20240316093016,783.09111
20240316094016,870.00011
20240316095016,990.41003
20240316100016,933.16385
20240316101016,531.49572
20240316102016,421.61472
20240316103016,548.46584
20240316104016,507.30974
20240316105016,564.29601
20240316110016,416.79432
20240316111016,428.93023
20240316112016,427.88281
20240316113016,375.6976
20240316114016,352.45531
20240316115016,298.64836
20240316120016,245.60383
20240316121016,240.89602
20240316122016,230.06164
20240316123016,216.56202
20240316124016,211.59689
20240316125016,211.1748
20240316130016,213.9305
20240316131016,211.0093
20240316132016,212.75677
20240316133016,208.60952
20240316134016,204.81036
20240316135016,205.19398
20240316140016,205.78291
20240316141016,202.94977
20240316142016,199.51815
20240316143016,200.12823
20240316144016,197.19195
20240316145016,196.4958
20240316150016,194.19279
20240316151016,193.2399
20240316152016,191.51692
20240316153016,189.57514
20240316154016,188.8649
20240316155016,189.04878
20240316160016,235.02167
20240316161016,245.12166
20240316162016,264.8412
20240316163016,265.70953
20240316164016,284.71354
20240316165016,389.38236
20240322090016,366.92113
20240322091016,345.57636
20240322092016,513.39663
20240322093016,584.80965
20240322094016,624.22858
20240322095016,764.82519
20240322100016,883.45644
20240322101016,634.43572
20240322102016,546.76374
20240322103016,638.48058
20240322104016,467.66505
20240322105016,505.99471
20240322110016,416.79432
20240322111016,428.93023
20240322112016,427.88281
20240322113016,375.6976
20240322114016,352.45531
20240322115016,298.64836
20240322120016,245.60383
20240322121016,240.89602
20240322122016,230.06164
20240322123016,216.56202
20240322124016,211.59689
20240322125016,211.1748
20240322130016,213.9305
20240322131016,211.0093
20240322132016,212.75677
20240322133016,208.60952
20240322134016,204.81036
20240322135016,205.19398
20240322140016,205.78291
20240322141016,202.94977
20240322142016,199.51815
20240322143016,200.12823
20240322144016,197.19195
20240322145016,196.4958
20240322150016,194.19279
20240322151016,193.2399
20240322152016,191.51692
20240322153016,189.57514
20240322154016,188.8649
20240322155016,189.04878
20240322160016,235.02167
20240322161016,245.12166
20240322162016,264.8412
20240322163016,265.70953
20240322164016,284.71354
20240322165016,389.38236
20240414090016,860.18946
20240414091016,288.65245
20240414092016,515.09371
20240414093016,772.58803
20240414094016,723.79457
20240414095016,915.8238
20240414100016,989.54138
20240414101016,626.33434
20240414102016,480.02034
20240414103016,563.81767
20240414104016,472.51311
20240414105016,573.56581
20240414110016,416.79432
20240414111016,428.93023
20240414112016,427.88281
20240414113016,375.6976
20240414114016,352.45531
20240414115016,298.64836
20240414120016,245.60383
20240414121016,240.89602
20240414122016,230.06164
20240414123016,216.56202
20240414124016,211.59689
20240414125016,211.1748
20240414130016,213.9305
20240414131016,211.0093
20240414132016,212.75677
20240414133016,208.60952
20240414134016,204.81036
20240414135016,205.19398
20240414140016,205.78291
20240414141016,202.94977
20240414142016,199.51815
20240414143016,200.12823
20240414144016,197.19195
20240414145016,196.4958
20240414150016,194.19279
20240414151016,193.2399
20240414152016,191.51692
20240414153016,189.57514
20240414154016,188.8649
20240414155016,189.04878
20240414160016,235.02167
20240414161016,245.12166
20240414162016,264.8412
20240414163016,265.70953
20240414164016,284.71354
20240414165016,389.38236
20240422090016,782.74125
20240422091016,311.36399
20240422092016,487.92019
20240422093016,766.86504
20240422094016,770.69946
20240422095016,986.87189
20240422100016,977.40896
20240422101016,547.97906
20240422102016,461.99348
20240422103016,502.99865
20240422104016,468.0812
20240422105016,557.22601
20240422110016,416.79432
20240422111016,428.93023
20240422112016,427.88281
20240422113016,375.6976
20240422114016,352.45531
20240422115016,298.64836
20240422120016,245.60383
20240422121016,240.89602
20240422122016,230.06164
20240422123016,216.56202
20240422124016,211.59689
20240422125016,211.1748
20240422130016,213.9305
20240422131016,211.0093
20240422132016,212.75677
20240422133016,208.60952
20240422134016,204.81036
20240422135016,205.19398
20240422140016,205.78291
20240422141016,202.94977
20240422142016,199.51815
20240422143016,200.12823
20240422144016,197.19195
20240422145016,196.4958
20240422150016,194.19279
20240422151016,193.2399
20240422152016,191.51692
20240422153016,189.57514
20240422154016,188.8649
20240422155016,189.04878
20240422160016,235.02167
20240422161016,245.12166
20240422162016,264.8412
20240422163016,265.70953
20240422164016,284.71354
20240422165016,389.38236
20240513090016,190.41977
20240513091016,307.69469
20240513092016,371.20003
20240513093016,528.82062
20240513094016,682.88217
20240513095016,557.43679
20240513100016,450.52263
20240513101016,537.65833
20240513102016,636.76393
20240513103016,713.52878
20240513104016,475.91259
20240513105016,505.84923
20240513110016,416.79432
20240513111016,428.93023
20240513112016,427.88281
20240513113016,375.6976
20240513114016,352.45531
20240513115016,298.64836
20240513120016,245.60383
20240513121016,240.89602
20240513122016,230.06164
20240513123016,216.56202
20240513124016,211.59689
20240513125016,211.1748
20240513130016,213.9305
20240513131016,211.0093
20240513132016,212.75677
20240513133016,208.60952
20240513134016,204.81036
20240513135016,205.19398
20240513140016,205.78291
20240513141016,202.94977
20240513142016,199.51815
20240513143016,200.12823
20240513144016,197.19195
20240513145016,196.4958
20240513150016,194.19279
20240513151016,193.2399
20240513152016,191.51692
20240513153016,189.57514
20240513154016,188.8649
20240513155016,189.04878
20240513160016,235.02167
20240513161016,245.12166
20240513162016,264.8412
20240513163016,265.70953
20240513164016,284.71354
20240513165016,389.38236
20240517090016,596.0215
20240517091016,243.56249
20240517092016,501.96896
20240517093016,828.12604
20240517094016,902.38498
20240517095016,814.8572
20240517100016,849.57491
20240517101016,420.75878
20240517102016,454.72689
20240517103016,498.02792
20240517104016,429.78297
20240517105016,503.37432
20240517110016,416.79432
20240517111016,428.93023
20240517112016,427.88281
20240517113016,375.6976
20240517114016,352.45531
20240517115016,298.64836
20240517120016,245.60383
20240517121016,240.89602
20240517122016,230.06164
20240517123016,216.56202
20240517124016,211.59689
20240517125016,211.1748
20240517130016,213.9305
20240517131016,211.0093
20240517132016,212.75677
20240517133016,208.60952
20240517134016,204.81036
20240517135016,205.19398
20240517140016,205.78291
20240517141016,202.94977
20240517142016,199.51815
20240517143016,200.12823
20240517144016,197.19195
20240517145016,196.4958
20240517150016,194.19279
20240517151016,193.2399
20240517152016,191.51692
20240517153016,189.57514
20240517154016,188.8649
20240517155016,189.04878
20240517160016,235.02167
20240517161016,245.12166
20240517162016,264.8412
20240517163016,265.70953
20240517164016,284.71354
20240517165016,389.38236
20240519090016,244.76595
20240519091016,303.24728
20240519092016,368.37574
20240519093016,523.71785
20240519094016,664.71531
20240519095016,800.38743
20240519100016,756.47293
20240519101016,655.75881
20240519102016,563.38678
20240519103016,662.00809
20240519104016,469.65036
20240519105016,504.48398
20240519110016,416.79432
20240519111016,428.93023
20240519112016,427.88281
20240519113016,375.6976
20240519114016,352.45531
20240519115016,298.64836
20240519120016,245.60383
20240519121016,240.89602
20240519122016,230.06164
20240519123016,216.56202
20240519124016,211.59689
20240519125016,211.1748
20240519130016,213.9305
20240519131016,211.0093
20240519132016,212.75677
20240519133016,208.60952
20240519134016,204.81036
20240519135016,205.19398
20240519140016,205.78291
20240519141016,202.94977
20240519142016,199.51815
20240519143016,200.12823
20240519144016,197.19195
20240519145016,196.4958
20240519150016,194.19279
20240519151016,193.2399
20240519152016,191.51692
20240519153016,189.57514
20240519154016,188.8649
20240519155016,189.04878
20240519160016,235.02167
20240519161016,245.12166
20240519162016,264.8412
20240519163016,265.70953
20240519164016,284.71354
20240519165016,389.38236
20240608090016,736.16587
20240608091016,438.57203
20240608092016,470.24439
20240608093016,668.69638
20240608094016,778.02808
20240608095016,967.03219
20240608100016,997.01056
20240608101016,637.33745
20240608102016,494.97047
20240608103016,591.14844
20240608104016,475.35072
20240608105016,554.65615
20240608110016,416.79432
20240608111016,428.93023
20240608112016,427.88281
20240608113016,375.6976
20240608114016,352.45531
20240608115016,298.64836
20240608120016,245.60383
20240608121016,240.89602
20240608122016,230.06164
20240608123016,216.56202
20240608124016,211.59689
20240608125016,211.1748
20240608130016,213.9305
20240608131016,211.0093
20240608132016,212.75677
20240608133016,208.60952
20240608134016,204.81036
20240608135016,205.19398
20240608140016,205.78291
20240608141016,202.94977
20240608142016,199.51815
20240608143016,200.12823
20240608144016,197.19195
20240608145016,196.4958
20240608150016,194.19279
20240608151016,193.2399
20240608152016,191.51692
20240608153016,189.57514
20240608154016,188.8649
20240608155016,189.04878
20240608160016,235.02167
20240608161016,245.12166
20240608162016,264.8412
20240608163016,265.70953
20240608164016,284.71354
20240608165016,389.38236
20240629090016,909.70365
20240629091016,212.01269
20240629092016,256.39528
20240629093016,903.19019
20240629094016,943.50245
20240629095016,891.10459
20240629100016,958.91146
20240629101016,468.72319
20240629102016,457.39872
20240629103016,493.85513
20240629104016,468.70356
20240629105016,559.00864
20240629110016,416.79432
20240629111016,428.93023
20240629112016,427.88281
20240629113016,375.6976
20240629114016,352.45531
20240629115016,298.64836
20240629120016,245.60383
20240629121016,240.89602
20240629122016,230.06164
20240629123016,216.56202
20240629124016,211.59689
20240629125016,211.1748
20240629130016,213.9305
20240629131016,211.0093
20240629132016,212.75677
20240629133016,208.60952
20240629134016,204.81036
20240629135016,205.19398
20240629140016,205.78291
20240629141016,202.94977
20240629142016,199.51815
20240629143016,200.12823
20240629144016,197.19195
20240629145016,196.4958
20240629150016,194.19279
20240629151016,193.2399
20240629152016,191.51692
20240629153016,189.57514
20240629154016,188.8649
20240629155016,189.04878
20240629160016,235.02167
20240629161016,245.12166
20240629162016,264.8412
20240629163016,265.70953
20240629164016,284.71354
20240629165016,389.38236
20240123090017,231.11278
20240123091017,394.96036
20240123092017,326.21622
20240123093017,442.66625
20240123094017,568.26487
20240123095017,704.55833
20240123100017,525.71347
20240123101017,640.70952
20240123102017,634.44959
20240123103017,613.80599
20240123104017,435.57689
20240123105017,480.65475
20240123110017,416.79432
20240123111017,428.93023
20240123112017,427.88281
20240123113017,375.6976
20240123114017,352.45531
20240123115017,298.64836
20240123120017,245.60383
20240123121017,240.89602
20240123122017,230.06164
20240123123017,216.56202
20240123124017,211.59689
20240123125017,211.1748
20240123130017,213.9305
20240123131017,211.0093
20240123132017,212.75677
20240123133017,208.60952
20240123134017,204.81036
20240123135017,205.19398
20240123140017,205.78291
20240123141017,202.94977
20240123142017,199.51815
20240123143017,200.12823
20240123144017,197.19195
20240123145017,196.4958
20240123150017,194.19279
20240123151017,193.2399
20240123152017,191.51692
20240123153017,189.57514
20240123154017,188.8649
20240123155017,189.04878
20240123160017,235.02167
20240123161017,245.12166
20240123162017,264.8412
20240123163017,265.70953
20240123164017,284.71354
20240123165017,389.38236
20240129090017,231.95197
20240129091017,427.84486
20240129092017,373.1097
20240129093017,526.93175
20240129094017,586.66112
20240129095017,606.16475
20240129100017,509.47344
20240129101017,636.46858
20240129102017,640.7749
20240129103017,611.84575
20240129104017,435.79101
20240129105017,486.63658
20240129110017,416.79432
20240129111017,428.93023
20240129112017,427.88281
20240129113017,375.6976
20240129114017,352.45531
20240129115017,298.64836
20240129120017,245.60383
20240129121017,240.89602
20240129122017,230.06164
20240129123017,216.56202
20240129124017,211.59689
20240129125017,211.1748
20240129130017,213.9305
20240129131017,211.0093
20240129132017,212.75677
20240129133017,208.60952
20240129134017,204.81036
20240129135017,205.19398
20240129140017,205.78291
20240129141017,202.94977
20240129142017,199.51815
20240129143017,200.12823
20240129144017,197.19195
20240129145017,196.4958
20240129150017,194.19279
20240129151017,193.2399
20240129152017,191.51692
20240129153017,189.57514
20240129154017,188.8649
20240129155017,189.04878
20240129160017,235.02167
20240129161017,245.12166
20240129162017,264.8412
20240129163017,265.70953
20240129164017,284.71354
20240129165017,389.38236
20240215090017,779.77639
20240215091017,671.89861
20240215092017,671.29977
20240215093017,911.85835
20240215094017,871.86328
20240215095017,722.69487
20240215100017,867.64827
20240215101017,485.65596
20240215102017,377.81159
20240215103017,438.96123
20240215104017,475.38882
20240215105017,547.24204
20240215110017,416.79432
20240215111017,428.93023
20240215112017,427.88281
20240215113017,375.6976
20240215114017,352.45531
20240215115017,298.64836
20240215120017,245.60383
20240215121017,240.89602
20240215122017,230.06164
20240215123017,216.56202
20240215124017,211.59689
20240215125017,211.1748
20240215130017,213.9305
20240215131017,211.0093
20240215132017,212.75677
20240215133017,208.60952
20240215134017,204.81036
20240215135017,205.19398
20240215140017,205.78291
20240215141017,202.94977
20240215142017,199.51815
20240215143017,200.12823
20240215144017,197.19195
20240215145017,196.4958
20240215150017,194.19279
20240215151017,193.2399
20240215152017,191.51692
20240215153017,189.57514
20240215154017,188.8649
20240215155017,189.04878
20240215160017,235.02167
20240215161017,245.12166
20240215162017,264.8412
20240215163017,265.70953
20240215164017,284.71354
20240215165017,389.38236
20240218090017,261.5323
20240218091017,525.05146
20240218092017,537.61066
20240218093017,615.84733
20240218094017,640.89656
20240218095017,732.79218
20240218100017,755.82359
20240218101017,630.90372
20240218102017,467.44696
20240218103017,570.65849
20240218104017,470.31674
20240218105017,477.36426
20240218110017,416.79432
20240218111017,428.93023
20240218112017,427.88281
20240218113017,375.6976
20240218114017,352.45531
20240218115017,298.64836
20240218120017,245.60383
20240218121017,240.89602
20240218122017,230.06164
20240218123017,216.56202
20240218124017,211.59689
20240218125017,211.1748
20240218130017,213.9305
20240218131017,211.0093
20240218132017,212.75677
20240218133017,208.60952
20240218134017,204.81036
20240218135017,205.19398
20240218140017,205.78291
20240218141017,202.94977
20240218142017,199.51815
20240218143017,200.12823
20240218144017,197.19195
20240218145017,196.4958
20240218150017,194.19279
20240218151017,193.2399
20240218152017,191.51692
20240218153017,189.57514
20240218154017,188.8649
20240218155017,189.04878
20240218160017,235.02167
20240218161017,245.12166
20240218162017,264.8412
20240218163017,265.70953
20240218164017,284.71354
20240218165017,389.38236
20240305090017,390.76844
20240305091017,247.83149
20240305092017,355.10158
20240305093017,618.83379
20240305094017,791.22763
20240305095017,705.06932
20240305100017,778.49509
20240305101017,369.73701
20240305102017,401.10106
20240305103017,481.09645
20240305104017,431.53973
20240305105017,497.22774
20240305110017,416.79432
20240305111017,428.93023
20240305112017,427.88281
20240305113017,375.6976
20240305114017,352.45531
20240305115017,298.64836
20240305120017,245.60383
20240305121017,240.89602
20240305122017,230.06164
20240305123017,216.56202
20240305124017,211.59689
20240305125017,211.1748
20240305130017,213.9305
20240305131017,211.0093
20240305132017,212.75677
20240305133017,208.60952
20240305134017,204.81036
20240305135017,205.19398
20240305140017,205.78291
20240305141017,202.94977
20240305142017,199.51815
20240305143017,200.12823
20240305144017,197.19195
20240305145017,196.4958
20240305150017,194.19279
20240305151017,193.2399
20240305152017,191.51692
20240305153017,189.57514
20240305154017,188.8649
20240305155017,189.04878
20240305160017,235.02167
20240305161017,245.12166
20240305162017,264.8412
20240305163017,265.70953
20240305164017,284.71354
20240305165017,389.38236
20240309090017,216.07485
20240309091017,326.62197
20240309092017,370.12738
20240309093017,452.4838
20240309094017,570.79267
20240309095017,717.98746
20240309100017,637.43451
20240309101017,587.00976
20240309102017,591.47572
20240309103017,680.75284
20240309104017,469.61536
20240309105017,504.48398
20240309110017,416.79432
20240309111017,428.93023
20240309112017,427.88281
20240309113017,375.6976
20240309114017,352.45531
20240309115017,298.64836
20240309120017,245.60383
20240309121017,240.89602
20240309122017,230.06164
20240309123017,216.56202
20240309124017,211.59689
20240309125017,211.1748
20240309130017,213.9305
20240309131017,211.0093
20240309132017,212.75677
20240309133017,208.60952
20240309134017,204.81036
20240309135017,205.19398
20240309140017,205.78291
20240309141017,202.94977
20240309142017,199.51815
20240309143017,200.12823
20240309144017,197.19195
20240309145017,196.4958
20240309150017,194.19279
20240309151017,193.2399
20240309152017,191.51692
20240309153017,189.57514
20240309154017,188.8649
20240309155017,189.04878
20240309160017,235.02167
20240309161017,245.12166
20240309162017,264.8412
20240309163017,265.70953
20240309164017,284.71354
20240309165017,389.38236
20240311090017,219.50761
20240311091017,327.94032
20240311092017,382.16336
20240311093017,443.6143
20240311094017,514.90109
20240311095017,703.75011
20240311100017,716.35646
20240311101017,617.89386
20240311102017,591.19185
20240311103017,677.37027
20240311104017,469.81061
20240311105017,505.28136
20240311110017,416.79432
20240311111017,428.93023
20240311112017,427.88281
20240311113017,375.6976
20240311114017,352.45531
20240311115017,298.64836
20240311120017,245.60383
20240311121017,240.89602
20240311122017,230.06164
20240311123017,216.56202
20240311124017,211.59689
20240311125017,211.1748
20240311130017,213.9305
20240311131017,211.0093
20240311132017,212.75677
20240311133017,208.60952
20240311134017,204.81036
20240311135017,205.19398
20240311140017,205.78291
20240311141017,202.94977
20240311142017,199.51815
20240311143017,200.12823
20240311144017,197.19195
20240311145017,196.4958
20240311150017,194.19279
20240311151017,193.2399
20240311152017,191.51692
20240311153017,189.57514
20240311154017,188.8649
20240311155017,189.04878
20240311160017,235.02167
20240311161017,245.12166
20240311162017,264.8412
20240311163017,265.70953
20240311164017,284.71354
20240311165017,389.38236
20240403090017,824.59848
20240403091017,249.58535
20240403092017,396.40336
20240403093017,684.6538
20240403094017,846.24828
20240403095017,683.65578
20240403100017,867.4727
20240403101017,534.18035
20240403102017,403.45883
20240403103017,458.69233
20240403104017,430.23384
20240403105017,550.52807
20240403110017,416.79432
20240403111017,428.93023
20240403112017,427.88281
20240403113017,375.6976
20240403114017,352.45531
20240403115017,298.64836
20240403120017,245.60383
20240403121017,240.89602
20240403122017,230.06164
20240403123017,216.56202
20240403124017,211.59689
20240403125017,211.1748
20240403130017,213.9305
20240403131017,211.0093
20240403132017,212.75677
20240403133017,208.60952
20240403134017,204.81036
20240403135017,205.19398
20240403140017,205.78291
20240403141017,202.94977
20240403142017,199.51815
20240403143017,200.12823
20240403144017,197.19195
20240403145017,196.4958
20240403150017,194.19279
20240403151017,193.2399
20240403152017,191.51692
20240403153017,189.57514
20240403154017,188.8649
20240403155017,189.04878
20240403160017,235.02167
20240403161017,245.12166
20240403162017,264.8412
20240403163017,265.70953
20240403164017,284.71354
20240403165017,389.38236
20240507090017,444.8464
20240507091017,242.61758
20240507092017,394.65508
20240507093017,695.73227
20240507094017,897.26927
20240507095017,764.84592
20240507100017,867.8975
20240507101017,461.00281
20240507102017,403.31561
20240507103017,485.95234
20240507104017,434.15809
20240507105017,511.81337
20240507110017,416.79432
20240507111017,428.93023
20240507112017,427.88281
20240507113017,375.6976
20240507114017,352.45531
20240507115017,298.64836
20240507120017,245.60383
20240507121017,240.89602
20240507122017,230.06164
20240507123017,216.56202
20240507124017,211.59689
20240507125017,211.1748
20240507130017,213.9305
20240507131017,211.0093
20240507132017,212.75677
20240507133017,208.60952
20240507134017,204.81036
20240507135017,205.19398
20240507140017,205.78291
20240507141017,202.94977
20240507142017,199.51815
20240507143017,200.12823
20240507144017,197.19195
20240507145017,196.4958
20240507150017,194.19279
20240507151017,193.2399
20240507152017,191.51692
20240507153017,189.57514
20240507154017,188.8649
20240507155017,189.04878
20240507160017,235.02167
20240507161017,245.12166
20240507162017,264.8412
20240507163017,265.70953
20240507164017,284.71354
20240507165017,389.38236
20240528090017,188.89886
20240528091017,292.77902
20240528092017,350.23796
20240528093017,520.37376
20240528094017,696.7789
20240528095017,543.51998
20240528100017,447.75451
20240528101017,536.74273
20240528102017,634.96116
20240528103017,713.38662
20240528104017,475.24745
20240528105017,506.4339
20240528110017,416.79432
20240528111017,428.93023
20240528112017,427.88281
20240528113017,375.6976
20240528114017,352.45531
20240528115017,298.64836
20240528120017,245.60383
20240528121017,240.89602
20240528122017,230.06164
20240528123017,216.56202
20240528124017,211.59689
20240528125017,211.1748
20240528130017,213.9305
20240528131017,211.0093
20240528132017,212.75677
20240528133017,208.60952
20240528134017,204.81036
20240528135017,205.19398
20240528140017,205.78291
20240528141017,202.94977
20240528142017,199.51815
20240528143017,200.12823
20240528144017,197.19195
20240528145017,196.4958
20240528150017,194.19279
20240528151017,193.2399
20240528152017,191.51692
20240528153017,189.57514
20240528154017,188.8649
20240528155017,189.04878
20240528160017,235.02167
20240528161017,245.12166
20240528162017,264.8412
20240528163017,265.70953
20240528164017,284.71354
20240528165017,389.38236
20240614090017,199.25974
20240614091017,328.91815
20240614092017,386.21011
20240614093017,593.83902
20240614094017,698.7201
20240614095017,794.05671
20240614100017,675.01834
20240614101017,597.39492
20240614102017,624.26925
20240614103017,711.20056
20240614104017,502.60613
20240614105017,514.49843
20240614110017,416.79432
20240614111017,428.93023
20240614112017,427.88281
20240614113017,375.6976
20240614114017,352.45531
20240614115017,298.64836
20240614120017,245.60383
20240614121017,240.89602
20240614122017,230.06164
20240614123017,216.56202
20240614124017,211.59689
20240614125017,211.1748
20240614130017,213.9305
20240614131017,211.0093
20240614132017,212.75677
20240614133017,208.60952
20240614134017,204.81036
20240614135017,205.19398
20240614140017,205.78291
20240614141017,202.94977
20240614142017,199.51815
20240614143017,200.12823
20240614144017,197.19195
20240614145017,196.4958
20240614150017,194.19279
20240614151017,193.2399
20240614152017,191.51692
20240614153017,189.57514
20240614154017,188.8649
20240614155017,189.04878
20240614160017,235.02167
20240614161017,245.12166
20240614162017,264.8412
20240614163017,265.70953
20240614164017,284.71354
20240614165017,389.38236
20240619090017,431.0687
20240619091017,265.82963
20240619092017,347.59868
20240619093017,817.15986
20240619094017,966.51117
20240619095017,818.3444
20240619100017,902.39808
20240619101017,674.84163
20240619102017,418.8998
20240619103017,518.27308
20240619104017,492.56014
20240619105017,562.50655
20240619110017,416.79432
20240619111017,428.93023
20240619112017,427.88281
20240619113017,375.6976
20240619114017,352.45531
20240619115017,298.64836
20240619120017,245.60383
20240619121017,240.89602
20240619122017,230.06164
20240619123017,216.56202
20240619124017,211.59689
20240619125017,211.1748
20240619130017,213.9305
20240619131017,211.0093
20240619132017,212.75677
20240619133017,208.60952
20240619134017,204.81036
20240619135017,205.19398
20240619140017,205.78291
20240619141017,202.94977
20240619142017,199.51815
20240619143017,200.12823
20240619144017,197.19195
20240619145017,196.4958
20240619150017,194.19279
20240619151017,193.2399
20240619152017,191.51692
20240619153017,189.57514
20240619154017,188.8649
20240619155017,189.04878
20240619160017,235.02167
20240619161017,245.12166
20240619162017,264.8412
20240619163017,265.70953
20240619164017,284.71354
20240619165017,389.38236
20240627090017,714.14525
20240627091017,292.40752
20240627092017,377.51378
20240627093017,834.86638
20240627094017,976.76059
20240627095017,728.57211
20240627100017,888.36747
20240627101017,724.93649
20240627102017,453.62814
20240627103017,489.67056
20240627104017,452.87825
20240627105017,551.96626
20240627110017,416.79432
20240627111017,428.93023
20240627112017,427.88281
20240627113017,375.6976
20240627114017,352.45531
20240627115017,298.64836
20240627120017,245.60383
20240627121017,240.89602
20240627122017,230.06164
20240627123017,216.56202
20240627124017,211.59689
20240627125017,211.1748
20240627130017,213.9305
20240627131017,211.0093
20240627132017,212.75677
20240627133017,208.60952
20240627134017,204.81036
20240627135017,205.19398
20240627140017,205.78291
20240627141017,202.94977
20240627142017,199.51815
20240627143017,200.12823
20240627144017,197.19195
20240627145017,196.4958
20240627150017,194.19279
20240627151017,193.2399
20240627152017,191.51692
20240627153017,189.57514
20240627154017,188.8649
20240627155017,189.04878
20240627160017,235.02167
20240627161017,245.12166
20240627162017,264.8412
20240627163017,265.70953
20240627164017,284.71354
20240627165017,389.38236
20240629090017,685.76506
20240629091017,262.2751
20240629092017,344.18481
20240629093017,778.27051
20240629094017,984.51802
20240629095017,654.784
20240629100017,870.29242
20240629101017,708.60444
20240629102017,419.47094
20240629103017,479.76697
20240629104017,433.10412
20240629105017,551.67163
20240629110017,416.79432
20240629111017,428.93023
20240629112017,427.88281
20240629113017,375.6976
20240629114017,352.45531
20240629115017,298.64836
20240629120017,245.60383
20240629121017,240.89602
20240629122017,230.06164
20240629123017,216.56202
20240629124017,211.59689
20240629125017,211.1748
20240629130017,213.9305
20240629131017,211.0093
20240629132017,212.75677
20240629133017,208.60952
20240629134017,204.81036
20240629135017,205.19398
20240629140017,205.78291
20240629141017,202.94977
20240629142017,199.51815
20240629143017,200.12823
20240629144017,197.19195
20240629145017,196.4958
20240629150017,194.19279
20240629151017,193.2399
20240629152017,191.51692
20240629153017,189.57514
20240629154017,188.8649
20240629155017,189.04878
20240629160017,235.02167
20240629161017,245.12166
20240629162017,264.8412
20240629163017,265.70953
20240629164017,284.71354
20240629165017,389.38236
20240704090017,772.07693
20240704091017,302.14188
20240704092017,338.03449
20240704093017,684.77078
20240704094017,969.909
20240704095017,639.58417
20240704100017,797.46478
20240704101017,638.87424
20240704102017,402.83118
20240704103017,422.46721
20240704104017,426.19611
20240704105017,551.56484
20240704110017,416.79432
20240704111017,428.93023
20240704112017,427.88281
20240704113017,375.6976
20240704114017,352.45531
20240704115017,298.64836
20240704120017,245.60383
20240704121017,240.89602
20240704122017,230.06164
20240704123017,216.56202
20240704124017,211.59689
20240704125017,211.1748
20240704130017,213.9305
20240704131017,211.0093
20240704132017,212.75677
20240704133017,208.60952
20240704134017,204.81036
20240704135017,205.19398
20240704140017,205.78291
20240704141017,202.94977
20240704142017,199.51815
20240704143017,200.12823
20240704144017,197.19195
20240704145017,196.4958
20240704150017,194.19279
20240704151017,193.2399
20240704152017,191.51692
20240704153017,189.57514
20240704154017,188.8649
20240704155017,189.04878
20240704160017,235.02167
20240704161017,245.12166
20240704162017,264.8412
20240704163017,265.70953
20240704164017,284.71354
20240704165017,389.38236
20240706090017,772.2057
20240706091017,293.96716
20240706092017,339.06624
20240706093017,684.91597
20240706094017,973.21197
20240706095017,641.3779
20240706100017,803.86976
20240706101017,634.51708
20240706102017,403.38084
20240706103017,421.85556
20240706104017,426.1249
20240706105017,551.52411
20240706110017,416.79432
20240706111017,428.93023
20240706112017,427.88281
20240706113017,375.6976
20240706114017,352.45531
20240706115017,298.64836
20240706120017,245.60383
20240706121017,240.89602
20240706122017,230.06164
20240706123017,216.56202
20240706124017,211.59689
20240706125017,211.1748
20240706130017,213.9305
20240706131017,211.0093
20240706132017,212.75677
20240706133017,208.60952
20240706134017,204.81036
20240706135017,205.19398
20240706140017,205.78291
20240706141017,202.94977
20240706142017,199.51815
20240706143017,200.12823
20240706144017,197.19195
20240706145017,196.4958
20240706150017,194.19279
20240706151017,193.2399
20240706152017,191.51692
20240706153017,189.57514
20240706154017,188.8649
20240706155017,189.04878
20240706160017,235.02167
20240706161017,245.12166
20240706162017,264.8412
20240706163017,265.70953
20240706164017,284.71354
20240706165017,389.38236
20240328090008,248.32311
20240328091008,228.48987
20240328092008,295.5024
20240328093008,826.05069
20240328094008,949.9275
20240328095008,834.5825
20240328100008,804.65836
20240328101008,568.78591
20240328102008,397.8744
20240328103008,570.47924
20240328104008,560.50446
20240328105008,537.35307
20240328110008,416.79432
20240328111008,428.93023
20240328112008,427.88281
20240328113008,375.6976
20240328114008,352.45531
20240328115008,298.64836
20240328120008,245.60383
20240328121008,240.89602
20240328122008,230.06164
20240328123008,216.56202
20240328124008,211.59689
20240328125008,211.1748
20240328130008,213.9305
20240328131008,211.0093
20240328132008,212.75677
20240328133008,208.60952
20240328134008,204.81036
20240328135008,205.19398
20240328140008,205.78291
20240328141008,202.94977
20240328142008,199.51815
20240328143008,200.12823
20240328144008,197.19195
20240328145008,196.4958
20240328150008,194.19279
20240328151008,193.2399
20240328152008,191.51692
20240328153008,189.57514
20240328154008,188.8649
20240328155008,189.04878
20240328160008,235.02167
20240328161008,245.12166
20240328162008,264.8412
20240328163008,265.70953
20240328164008,284.71354
20240328165008,389.38236
20240508090008,235.53711
20240508091008,340.53777
20240508092008,338.67115
20240508093008,514.99717
20240508094008,639.52727
20240508095008,717.56644
20240508100008,631.34302
20240508101008,629.14505
20240508102008,630.47617
20240508103008,693.10301
20240508104008,475.07847
20240508105008,505.76286
20240508110008,416.79432
20240508111008,428.93023
20240508112008,427.88281
20240508113008,375.6976
20240508114008,352.45531
20240508115008,298.64836
20240508120008,245.60383
20240508121008,240.89602
20240508122008,230.06164
20240508123008,216.56202
20240508124008,211.59689
20240508125008,211.1748
20240508130008,213.9305
20240508131008,211.0093
20240508132008,212.75677
20240508133008,208.60952
20240508134008,204.81036
20240508135008,205.19398
20240508140008,205.78291
20240508141008,202.94977
20240508142008,199.51815
20240508143008,200.12823
20240508144008,197.19195
20240508145008,196.4958
20240508150008,194.19279
20240508151008,193.2399
20240508152008,191.51692
20240508153008,189.57514
20240508154008,188.8649
20240508155008,189.04878
20240508160008,235.02167
20240508161008,245.12166
20240508162008,264.8412
20240508163008,265.70953
20240508164008,284.71354
20240508165008,389.38236
20240521090008,212.25858
20240521091008,345.19017
20240521092008,382.69465
20240521093008,564.44601
20240521094008,706.66984
20240521095008,679.56822
20240521100008,509.39536
20240521101008,569.15948
20240521102008,638.22
20240521103008,705.56063
20240521104008,476.55797
20240521105008,505.69535
20240521110008,416.79432
20240521111008,428.93023
20240521112008,427.88281
20240521113008,375.6976
20240521114008,352.45531
20240521115008,298.64836
20240521120008,245.60383
20240521121008,240.89602
20240521122008,230.06164
20240521123008,216.56202
20240521124008,211.59689
20240521125008,211.1748
20240521130008,213.9305
20240521131008,211.0093
20240521132008,212.75677
20240521133008,208.60952
20240521134008,204.81036
20240521135008,205.19398
20240521140008,205.78291
20240521141008,202.94977
20240521142008,199.51815
20240521143008,200.12823
20240521144008,197.19195
20240521145008,196.4958
20240521150008,194.19279
20240521151008,193.2399
20240521152008,191.51692
20240521153008,189.57514
20240521154008,188.8649
20240521155008,189.04878
20240521160008,235.02167
20240521161008,245.12166
20240521162008,264.8412
20240521163008,265.70953
20240521164008,284.71354
20240521165008,389.38236
20240618090008,214.55718
20240618091008,329.57538
20240618092008,346.08518
20240618093008,528.31368
20240618094008,637.83953
20240618095008,735.90763
20240618100008,851.09099
20240618101008,676.067
20240618102008,552.81594
20240618103008,683.10382
20240618104008,485.7378
20240618105008,546.35441
20240618110008,416.79432
20240618111008,428.93023
20240618112008,427.88281
20240618113008,375.6976
20240618114008,352.45531
20240618115008,298.64836
20240618120008,245.60383
20240618121008,240.89602
20240618122008,230.06164
20240618123008,216.56202
20240618124008,211.59689
20240618125008,211.1748
20240618130008,213.9305
20240618131008,211.0093
20240618132008,212.75677
20240618133008,208.60952
20240618134008,204.81036
20240618135008,205.19398
20240618140008,205.78291
20240618141008,202.94977
20240618142008,199.51815
20240618143008,200.12823
20240618144008,197.19195
20240618145008,196.4958
20240618150008,194.19279
20240618151008,193.2399
20240618152008,191.51692
20240618153008,189.57514
20240618154008,188.8649
20240618155008,189.04878
20240618160008,235.02167
20240618161008,245.12166
20240618162008,264.8412
20240618163008,265.70953
20240618164008,284.71354
20240618165008,389.38236
20240630090008,351.94024
20240630091008,204.4025
20240630092008,282.14593
20240630093008,573.3893
20240630094008,854.4508
20240630095008,763.69298
20240630100008,861.37921
20240630101008,489.21127
20240630102008,465.52636
20240630103008,641.42901
20240630104008,547.81569
20240630105008,550.46322
20240630110008,416.79432
20240630111008,428.93023
20240630112008,427.88281
20240630113008,375.6976
20240630114008,352.45531
20240630115008,298.64836
20240630120008,245.60383
20240630121008,240.89602
20240630122008,230.06164
20240630123008,216.56202
20240630124008,211.59689
20240630125008,211.1748
20240630130008,213.9305
20240630131008,211.0093
20240630132008,212.75677
20240630133008,208.60952
20240630134008,204.81036
20240630135008,205.19398
20240630140008,205.78291
20240630141008,202.94977
20240630142008,199.51815
20240630143008,200.12823
20240630144008,197.19195
20240630145008,196.4958
20240630150008,194.19279
20240630151008,193.2399
20240630152008,191.51692
20240630153008,189.57514
20240630154008,188.8649
20240630155008,189.04878
20240630160008,235.02167
20240630161008,245.12166
20240630162008,264.8412
20240630163008,265.70953
20240630164008,284.71354
20240630165008,389.38236
20240702090008,257.1354
20240702091008,204.99943
20240702092008,300.19644
20240702093008,744.97646
20240702094008,832.62987
20240702095008,935.7719
20240702100008,957.87449
20240702101008,481.80034
20240702102008,546.11087
20240702103008,684.47169
20240702104008,557.17574
20240702105008,558.91867
20240702110008,416.79432
20240702111008,428.93023
20240702112008,427.88281
20240702113008,375.6976
20240702114008,352.45531
20240702115008,298.64836
20240702120008,245.60383
20240702121008,240.89602
20240702122008,230.06164
20240702123008,216.56202
20240702124008,211.59689
20240702125008,211.1748
20240702130008,213.9305
20240702131008,211.0093
20240702132008,212.75677
20240702133008,208.60952
20240702134008,204.81036
20240702135008,205.19398
20240702140008,205.78291
20240702141008,202.94977
20240702142008,199.51815
20240702143008,200.12823
20240702144008,197.19195
20240702145008,196.4958
20240702150008,194.19279
20240702151008,193.2399
20240702152008,191.51692
20240702153008,189.57514
20240702154008,188.8649
20240702155008,189.04878
20240702160008,235.02167
20240702161008,245.12166
20240702162008,264.8412
20240702163008,265.70953
20240702164008,284.71354
20240702165008,389.38236
20240812090008,219.13959
20240812091008,198.44263
20240812092008,285.25787
20240812093008,687.11797
20240812094008,871.66721
20240812095008,850.73085
20240812100008,905.20607
20240812101008,492.23702
20240812102008,499.99321
20240812103008,653.21935
20240812104008,555.62772
20240812105008,553.67114
20240812110008,416.79432
20240812111008,428.93023
20240812112008,427.88281
20240812113008,375.6976
20240812114008,352.45531
20240812115008,298.64836
20240812120008,245.60383
20240812121008,240.89602
20240812122008,230.06164
20240812123008,216.56202
20240812124008,211.59689
20240812125008,211.1748
20240812130008,213.9305
20240812131008,211.0093
20240812132008,212.75677
20240812133008,208.60952
20240812134008,204.81036
20240812135008,205.19398
20240812140008,205.78291
20240812141008,202.94977
20240812142008,199.51815
20240812143008,200.12823
20240812144008,197.19195
20240812145008,196.4958
20240812150008,194.19279
20240812151008,193.2399
20240812152008,191.51692
20240812153008,189.57514
20240812154008,188.8649
20240812155008,189.04878
20240812160008,235.02167
20240812161008,245.12166
20240812162008,264.8412
20240812163008,265.70953
20240812164008,284.71354
20240812165008,389.38236
20240828090008,241.61716
20240828091008,202.1616
20240828092008,293.80034
20240828093008,691.3588
20240828094008,855.4711
20240828095008,842.74882
20240828100008,922.5025
20240828101008,480.97691
20240828102008,506.36736
20240828103008,663.66794
20240828104008,557.15632
20240828105008,552.49306
20240828110008,416.79432
20240828111008,428.93023
20240828112008,427.88281
20240828113008,375.6976
20240828114008,352.45531
20240828115008,298.64836
20240828120008,245.60383
20240828121008,240.89602
20240828122008,230.06164
20240828123008,216.56202
20240828124008,211.59689
20240828125008,211.1748
20240828130008,213.9305
20240828131008,211.0093
20240828132008,212.75677
20240828133008,208.60952
20240828134008,204.81036
20240828135008,205.19398
20240828140008,205.78291
20240828141008,202.94977
20240828142008,199.51815
20240828143008,200.12823
20240828144008,197.19195
20240828145008,196.4958
20240828150008,194.19279
20240828151008,193.2399
20240828152008,191.51692
20240828153008,189.57514
20240828154008,188.8649
20240828155008,189.04878
20240828160008,235.02167
20240828161008,245.12166
20240828162008,264.8412
20240828163008,265.70953
20240828164008,284.71354
20240828165008,389.38236
20240307090010,190.48535
20240307091010,305.5514
20240307092010,343.77262
20240307093010,477.8359
20240307094010,637.65778
20240307095010,576.76483
20240307100010,444.04347
20240307101010,520.01346
20240307102010,663.438
20240307103010,761.56525
20240307104010,492.54762
20240307105010,505.37861
20240307110010,416.79432
20240307111010,428.93023
20240307112010,427.88281
20240307113010,375.6976
20240307114010,352.45531
20240307115010,298.64836
20240307120010,245.60383
20240307121010,240.89602
20240307122010,230.06164
20240307123010,216.56202
20240307124010,211.59689
20240307125010,211.1748
20240307130010,213.9305
20240307131010,211.0093
20240307132010,212.75677
20240307133010,208.60952
20240307134010,204.81036
20240307135010,205.19398
20240307140010,205.78291
20240307141010,202.94977
20240307142010,199.51815
20240307143010,200.12823
20240307144010,197.19195
20240307145010,196.4958
20240307150010,194.19279
20240307151010,193.2399
20240307152010,191.51692
20240307153010,189.57514
20240307154010,188.8649
20240307155010,189.04878
20240307160010,235.02167
20240307161010,245.12166
20240307162010,264.8412
20240307163010,265.70953
20240307164010,284.71354
20240307165010,389.38236
20240310090010,190.15733
20240310091010,259.08721
20240310092010,294.07913
20240310093010,389.44805
20240310094010,470.20759
20240310095010,634.02752
20240310100010,439.76693
20240310101010,542.03442
20240310102010,654.40422
20240310103010,722.06203
20240310104010,488.04454
20240310105010,505.16681
20240310110010,416.79432
20240310111010,428.93023
20240310112010,427.88281
20240310113010,375.6976
20240310114010,352.45531
20240310115010,298.64836
20240310120010,245.60383
20240310121010,240.89602
20240310122010,230.06164
20240310123010,216.56202
20240310124010,211.59689
20240310125010,211.1748
20240310130010,213.9305
20240310131010,211.0093
20240310132010,212.75677
20240310133010,208.60952
20240310134010,204.81036
20240310135010,205.19398
20240310140010,205.78291
20240310141010,202.94977
20240310142010,199.51815
20240310143010,200.12823
20240310144010,197.19195
20240310145010,196.4958
20240310150010,194.19279
20240310151010,193.2399
20240310152010,191.51692
20240310153010,189.57514
20240310154010,188.8649
20240310155010,189.04878
20240310160010,235.02167
20240310161010,245.12166
20240310162010,264.8412
20240310163010,265.70953
20240310164010,284.71354
20240310165010,389.38236
20240423090010,285.73188
20240423091010,330.17544
20240423092010,379.56449
20240423093010,560.69414
20240423094010,650.75523
20240423095010,699.66869
20240423100010,618.68693
20240423101010,586.62366
20240423102010,618.17776
20240423103010,678.57131
20240423104010,475.72152
20240423105010,502.37204
20240423110010,416.79432
20240423111010,428.93023
20240423112010,427.88281
20240423113010,375.6976
20240423114010,352.45531
20240423115010,298.64836
20240423120010,245.60383
20240423121010,240.89602
20240423122010,230.06164
20240423123010,216.56202
20240423124010,211.59689
20240423125010,211.1748
20240423130010,213.9305
20240423131010,211.0093
20240423132010,212.75677
20240423133010,208.60952
20240423134010,204.81036
20240423135010,205.19398
20240423140010,205.78291
20240423141010,202.94977
20240423142010,199.51815
20240423143010,200.12823
20240423144010,197.19195
20240423145010,196.4958
20240423150010,194.19279
20240423151010,193.2399
20240423152010,191.51692
20240423153010,189.57514
20240423154010,188.8649
20240423155010,189.04878
20240423160010,235.02167
20240423161010,245.12166
20240423162010,264.8412
20240423163010,265.70953
20240423164010,284.71354
20240423165010,389.38236
20240519090010,230.625
20240519091010,372.97711
20240519092010,394.98896
20240519093010,571.31291
20240519094010,696.35763
20240519095010,688.16511
20240519100010,521.24979
20240519101010,575.39662
20240519102010,637.45796
20240519103010,701.97525
20240519104010,476.67311
20240519105010,505.54055
20240519110010,416.79432
20240519111010,428.93023
20240519112010,427.88281
20240519113010,375.6976
20240519114010,352.45531
20240519115010,298.64836
20240519120010,245.60383
20240519121010,240.89602
20240519122010,230.06164
20240519123010,216.56202
20240519124010,211.59689
20240519125010,211.1748
20240519130010,213.9305
20240519131010,211.0093
20240519132010,212.75677
20240519133010,208.60952
20240519134010,204.81036
20240519135010,205.19398
20240519140010,205.78291
20240519141010,202.94977
20240519142010,199.51815
20240519143010,200.12823
20240519144010,197.19195
20240519145010,196.4958
20240519150010,194.19279
20240519151010,193.2399
20240519152010,191.51692
20240519153010,189.57514
20240519154010,188.8649
20240519155010,189.04878
20240519160010,235.02167
20240519161010,245.12166
20240519162010,264.8412
20240519163010,265.70953
20240519164010,284.71354
20240519165010,389.38236
20240619090010,370.14306
20240619091010,225.60264
20240619092010,284.40537
20240619093010,737.49326
20240619094010,973.73316
20240619095010,943.6754
20240619100010,866.69755
20240619101010,648.61433
20240619102010,419.2198
20240619103010,534.12153
20240619104010,493.89732
20240619105010,561.94344
20240619110010,416.79432
20240619111010,428.93023
20240619112010,427.88281
20240619113010,375.6976
20240619114010,352.45531
20240619115010,298.64836
20240619120010,245.60383
20240619121010,240.89602
20240619122010,230.06164
20240619123010,216.56202
20240619124010,211.59689
20240619125010,211.1748
20240619130010,213.9305
20240619131010,211.0093
20240619132010,212.75677
20240619133010,208.60952
20240619134010,204.81036
20240619135010,205.19398
20240619140010,205.78291
20240619141010,202.94977
20240619142010,199.51815
20240619143010,200.12823
20240619144010,197.19195
20240619145010,196.4958
20240619150010,194.19279
20240619151010,193.2399
20240619152010,191.51692
20240619153010,189.57514
20240619154010,188.8649
20240619155010,189.04878
20240619160010,235.02167
20240619161010,245.12166
20240619162010,264.8412
20240619163010,265.70953
20240619164010,284.71354
20240619165010,389.38236
20240711090010,622.56706
20240711091010,229.96312
20240711092010,265.17661
20240711093010,476.48254
20240711094010,980.40563
20240711095010,653.54219
20240711100010,862.04659
20240711101010,699.74221
20240711102010,395.02503
20240711103010,486.52632
20240711104010,470.97246
20240711105010,551.33354
20240711110010,416.79432
20240711111010,428.93023
20240711112010,427.88281
20240711113010,375.6976
20240711114010,352.45531
20240711115010,298.64836
20240711120010,245.60383
20240711121010,240.89602
20240711122010,230.06164
20240711123010,216.56202
20240711124010,211.59689
20240711125010,211.1748
20240711130010,213.9305
20240711131010,211.0093
20240711132010,212.75677
20240711133010,208.60952
20240711134010,204.81036
20240711135010,205.19398
20240711140010,205.78291
20240711141010,202.94977
20240711142010,199.51815
20240711143010,200.12823
20240711144010,197.19195
20240711145010,196.4958
20240711150010,194.19279
20240711151010,193.2399
20240711152010,191.51692
20240711153010,189.57514
20240711154010,188.8649
20240711155010,189.04878
20240711160010,235.02167
20240711161010,245.12166
20240711162010,264.8412
20240711163010,265.70953
20240711164010,284.71354
20240711165010,389.38236
20240207090017,291.67715
20240207091017,512.23319
20240207092017,538.42322
20240207093017,555.69282
20240207094017,655.95602
20240207095017,644.76836
20240207100017,493.92699
20240207101017,561.00313
20240207102017,631.8171
20240207103017,602.79905
20240207104017,456.36545
20240207105017,476.13476
20240207110017,416.79432
20240207111017,428.93023
20240207112017,427.88281
20240207113017,375.6976
20240207114017,352.45531
20240207115017,298.64836
20240207120017,245.60383
20240207121017,240.89602
20240207122017,230.06164
20240207123017,216.56202
20240207124017,211.59689
20240207125017,211.1748
20240207130017,213.9305
20240207131017,211.0093
20240207132017,212.75677
20240207133017,208.60952
20240207134017,204.81036
20240207135017,205.19398
20240207140017,205.78291
20240207141017,202.94977
20240207142017,199.51815
20240207143017,200.12823
20240207144017,197.19195
20240207145017,196.4958
20240207150017,194.19279
20240207151017,193.2399
20240207152017,191.51692
20240207153017,189.57514
20240207154017,188.8649
20240207155017,189.04878
20240207160017,235.02167
20240207161017,245.12166
20240207162017,264.8412
20240207163017,265.70953
20240207164017,284.71354
20240207165017,389.38236
20240224090017,229.32771
20240224091017,481.29938
20240224092017,391.93306
20240224093017,538.05772
20240224094017,633.7283
20240224095017,705.09536
20240224100017,618.10886
20240224101017,663.45056
20240224102017,629.68193
20240224103017,603.77912
20240224104017,434.60437
20240224105017,481.13061
20240224110017,416.79432
20240224111017,428.93023
20240224112017,427.88281
20240224113017,375.6976
20240224114017,352.45531
20240224115017,298.64836
20240224120017,245.60383
20240224121017,240.89602
20240224122017,230.06164
20240224123017,216.56202
20240224124017,211.59689
20240224125017,211.1748
20240224130017,213.9305
20240224131017,211.0093
20240224132017,212.75677
20240224133017,208.60952
20240224134017,204.81036
20240224135017,205.19398
20240224140017,205.78291
20240224141017,202.94977
20240224142017,199.51815
20240224143017,200.12823
20240224144017,197.19195
20240224145017,196.4958
20240224150017,194.19279
20240224151017,193.2399
20240224152017,191.51692
20240224153017,189.57514
20240224154017,188.8649
20240224155017,189.04878
20240224160017,235.02167
20240224161017,245.12166
20240224162017,264.8412
20240224163017,265.70953
20240224164017,284.71354
20240224165017,389.38236
20240318090017,192.47844
20240318091017,286.14333
20240318092017,337.22439
20240318093017,464.37084
20240318094017,548.2094
20240318095017,629.51054
20240318100017,579.41946
20240318101017,593.3082
20240318102017,631.17824
20240318103017,699.40623
20240318104017,474.89766
20240318105017,506.11969
20240318110017,416.79432
20240318111017,428.93023
20240318112017,427.88281
20240318113017,375.6976
20240318114017,352.45531
20240318115017,298.64836
20240318120017,245.60383
20240318121017,240.89602
20240318122017,230.06164
20240318123017,216.56202
20240318124017,211.59689
20240318125017,211.1748
20240318130017,213.9305
20240318131017,211.0093
20240318132017,212.75677
20240318133017,208.60952
20240318134017,204.81036
20240318135017,205.19398
20240318140017,205.78291
20240318141017,202.94977
20240318142017,199.51815
20240318143017,200.12823
20240318144017,197.19195
20240318145017,196.4958
20240318150017,194.19279
20240318151017,193.2399
20240318152017,191.51692
20240318153017,189.57514
20240318154017,188.8649
20240318155017,189.04878
20240318160017,235.02167
20240318161017,245.12166
20240318162017,264.8412
20240318163017,265.70953
20240318164017,284.71354
20240318165017,389.38236
20240509090017,214.29836
20240509091017,347.88283
20240509092017,323.17144
20240509093017,518.58311
20240509094017,623.89543
20240509095017,657.0709
20240509100017,611.78961
20240509101017,637.51966
20240509102017,632.77088
20240509103017,693.29832
20240509104017,475.26023
20240509105017,505.76286
20240509110017,416.79432
20240509111017,428.93023
20240509112017,427.88281
20240509113017,375.6976
20240509114017,352.45531
20240509115017,298.64836
20240509120017,245.60383
20240509121017,240.89602
20240509122017,230.06164
20240509123017,216.56202
20240509124017,211.59689
20240509125017,211.1748
20240509130017,213.9305
20240509131017,211.0093
20240509132017,212.75677
20240509133017,208.60952
20240509134017,204.81036
20240509135017,205.19398
20240509140017,205.78291
20240509141017,202.94977
20240509142017,199.51815
20240509143017,200.12823
20240509144017,197.19195
20240509145017,196.4958
20240509150017,194.19279
20240509151017,193.2399
20240509152017,191.51692
20240509153017,189.57514
20240509154017,188.8649
20240509155017,189.04878
20240509160017,235.02167
20240509161017,245.12166
20240509162017,264.8412
20240509163017,265.70953
20240509164017,284.71354
20240509165017,389.38236
20240602090017,198.41234
20240602091017,311.67874
20240602092017,395.4472
20240602093017,559.6378
20240602094017,700.12591
20240602095017,711.19178
20240602100017,720.13389
20240602101017,602.9817
20240602102017,592.76697
20240602103017,713.76663
20240602104017,500.64978
20240602105017,537.04358
20240602110017,416.79432
20240602111017,428.93023
20240602112017,427.88281
20240602113017,375.6976
20240602114017,352.45531
20240602115017,298.64836
20240602120017,245.60383
20240602121017,240.89602
20240602122017,230.06164
20240602123017,216.56202
20240602124017,211.59689
20240602125017,211.1748
20240602130017,213.9305
20240602131017,211.0093
20240602132017,212.75677
20240602133017,208.60952
20240602134017,204.81036
20240602135017,205.19398
20240602140017,205.78291
20240602141017,202.94977
20240602142017,199.51815
20240602143017,200.12823
20240602144017,197.19195
20240602145017,196.4958
20240602150017,194.19279
20240602151017,193.2399
20240602152017,191.51692
20240602153017,189.57514
20240602154017,188.8649
20240602155017,189.04878
20240602160017,235.02167
20240602161017,245.12166
20240602162017,264.8412
20240602163017,265.70953
20240602164017,284.71354
20240602165017,389.38236
20240604090017,421.34094
20240604091017,438.60166
20240604092017,576.05311
20240604093017,541.57831
20240604094017,703.76338
20240604095017,841.34022
20240604100017,929.91527
20240604101017,688.51411
20240604102017,531.47031
20240604103017,569.73339
20240604104017,449.43301
20240604105017,552.10599
20240604110017,416.79432
20240604111017,428.93023
20240604112017,427.88281
20240604113017,375.6976
20240604114017,352.45531
20240604115017,298.64836
20240604120017,245.60383
20240604121017,240.89602
20240604122017,230.06164
20240604123017,216.56202
20240604124017,211.59689
20240604125017,211.1748
20240604130017,213.9305
20240604131017,211.0093
20240604132017,212.75677
20240604133017,208.60952
20240604134017,204.81036
20240604135017,205.19398
20240604140017,205.78291
20240604141017,202.94977
20240604142017,199.51815
20240604143017,200.12823
20240604144017,197.19195
20240604145017,196.4958
20240604150017,194.19279
20240604151017,193.2399
20240604152017,191.51692
20240604153017,189.57514
20240604154017,188.8649
20240604155017,189.04878
20240604160017,235.02167
20240604161017,245.12166
20240604162017,264.8412
20240604163017,265.70953
20240604164017,284.71354
20240604165017,389.38236
20240609090017,578.8203
20240609091017,243.68372
20240609092017,343.95725
20240609093017,832.72936
20240609094017,970.92842
20240609095017,819.11542
20240609100017,936.08588
20240609101017,752.51152
20240609102017,471.51417
20240609103017,501.55991
20240609104017,448.76969
20240609105017,554.26409
20240609110017,416.79432
20240609111017,428.93023
20240609112017,427.88281
20240609113017,375.6976
20240609114017,352.45531
20240609115017,298.64836
20240609120017,245.60383
20240609121017,240.89602
20240609122017,230.06164
20240609123017,216.56202
20240609124017,211.59689
20240609125017,211.1748
20240609130017,213.9305
20240609131017,211.0093
20240609132017,212.75677
20240609133017,208.60952
20240609134017,204.81036
20240609135017,205.19398
20240609140017,205.78291
20240609141017,202.94977
20240609142017,199.51815
20240609143017,200.12823
20240609144017,197.19195
20240609145017,196.4958
20240609150017,194.19279
20240609151017,193.2399
20240609152017,191.51692
20240609153017,189.57514
20240609154017,188.8649
20240609155017,189.04878
20240609160017,235.02167
20240609161017,245.12166
20240609162017,264.8412
20240609163017,265.70953
20240609164017,284.71354
20240609165017,389.38236
20240709090017,729.01752
20240709091017,264.68191
20240709092017,346.91869
20240709093017,771.29692
20240709094017,983.83432
20240709095017,630.91118
20240709100017,861.58364
20240709101017,668.01499
20240709102017,407.3638
20240709103017,458.6743
20240709104017,432.41022
20240709105017,551.5375
20240709110017,416.79432
20240709111017,428.93023
20240709112017,427.88281
20240709113017,375.6976
20240709114017,352.45531
20240709115017,298.64836
20240709120017,245.60383
20240709121017,240.89602
20240709122017,230.06164
20240709123017,216.56202
20240709124017,211.59689
20240709125017,211.1748
20240709130017,213.9305
20240709131017,211.0093
20240709132017,212.75677
20240709133017,208.60952
20240709134017,204.81036
20240709135017,205.19398
20240709140017,205.78291
20240709141017,202.94977
20240709142017,199.51815
20240709143017,200.12823
20240709144017,197.19195
20240709145017,196.4958
20240709150017,194.19279
20240709151017,193.2399
20240709152017,191.51692
20240709153017,189.57514
20240709154017,188.8649
20240709155017,189.04878
20240709160017,235.02167
20240709161017,245.12166
20240709162017,264.8412
20240709163017,265.70953
20240709164017,284.71354
20240709165017,389.38236
20240106090001,839.98412
20240106091001,277.6734
20240106092001,594.35892
20240106093001,958.32147
20240106094001,887.2723
20240106095001,851.45265
20240106100001,987.92519
20240106101001,486.37785
20240106102001,373.73552
20240106103001,529.71349
20240106104001,556.87881
20240106105001,505.4217
20240106110001,416.79432
20240106111001,428.93023
20240106112001,427.88281
20240106113001,375.6976
20240106114001,352.45531
20240106115001,298.64836
20240106120001,245.60383
20240106121001,240.89602
20240106122001,230.06164
20240106123001,216.56202
20240106124001,211.59689
20240106125001,211.1748
20240106130001,213.9305
20240106131001,211.0093
20240106132001,212.75677
20240106133001,208.60952
20240106134001,204.81036
20240106135001,205.19398
20240106140001,205.78291
20240106141001,202.94977
20240106142001,199.51815
20240106143001,200.12823
20240106144001,197.19195
20240106145001,196.4958
20240106150001,194.19279
20240106151001,193.2399
20240106152001,191.51692
20240106153001,189.57514
20240106154001,188.8649
20240106155001,189.04878
20240106160001,235.02167
20240106161001,245.12166
20240106162001,264.8412
20240106163001,265.70953
20240106164001,284.71354
20240106165001,389.38236
20240111090001,290.52099
20240111091001,459.70834
20240111092001,382.81696
20240111093001,521.33733
20240111094001,603.28024
20240111095001,639.98541
20240111100001,485.79815
20240111101001,627.04798
20240111102001,663.91672
20240111103001,629.4814
20240111104001,453.70895
20240111105001,481.24269
20240111110001,416.79432
20240111111001,428.93023
20240111112001,427.88281
20240111113001,375.6976
20240111114001,352.45531
20240111115001,298.64836
20240111120001,245.60383
20240111121001,240.89602
20240111122001,230.06164
20240111123001,216.56202
20240111124001,211.59689
20240111125001,211.1748
20240111130001,213.9305
20240111131001,211.0093
20240111132001,212.75677
20240111133001,208.60952
20240111134001,204.81036
20240111135001,205.19398
20240111140001,205.78291
20240111141001,202.94977
20240111142001,199.51815
20240111143001,200.12823
20240111144001,197.19195
20240111145001,196.4958
20240111150001,194.19279
20240111151001,193.2399
20240111152001,191.51692
20240111153001,189.57514
20240111154001,188.8649
20240111155001,189.04878
20240111160001,235.02167
20240111161001,245.12166
20240111162001,264.8412
20240111163001,265.70953
20240111164001,284.71354
20240111165001,389.38236
20240213090001,778.36156
20240213091001,432.18855
20240213092001,504.76918
20240213093001,775.32429
20240213094001,779.91006
20240213095001,725.06185
20240213100001,595.31814
20240213101001,356.46495
20240213102001,379.32226
20240213103001,568.12156
20240213104001,559.31918
20240213105001,468.90125
20240213110001,416.79432
20240213111001,428.93023
20240213112001,427.88281
20240213113001,375.6976
20240213114001,352.45531
20240213115001,298.64836
20240213120001,245.60383
20240213121001,240.89602
20240213122001,230.06164
20240213123001,216.56202
20240213124001,211.59689
20240213125001,211.1748
20240213130001,213.9305
20240213131001,211.0093
20240213132001,212.75677
20240213133001,208.60952
20240213134001,204.81036
20240213135001,205.19398
20240213140001,205.78291
20240213141001,202.94977
20240213142001,199.51815
20240213143001,200.12823
20240213144001,197.19195
20240213145001,196.4958
20240213150001,194.19279
20240213151001,193.2399
20240213152001,191.51692
20240213153001,189.57514
20240213154001,188.8649
20240213155001,189.04878
20240213160001,235.02167
20240213161001,245.12166
20240213162001,264.8412
20240213163001,265.70953
20240213164001,284.71354
20240213165001,389.38236
20240508090001,291.38751
20240508091001,332.52274
20240508092001,329.71616
20240508093001,526.57139
20240508094001,641.79148
20240508095001,814.9474
20240508100001,854.26514
20240508101001,648.69041
20240508102001,543.11563
20240508103001,643.04393
20240508104001,469.25622
20240508105001,504.86797
20240508110001,416.79432
20240508111001,428.93023
20240508112001,427.88281
20240508113001,375.6976
20240508114001,352.45531
20240508115001,298.64836
20240508120001,245.60383
20240508121001,240.89602
20240508122001,230.06164
20240508123001,216.56202
20240508124001,211.59689
20240508125001,211.1748
20240508130001,213.9305
20240508131001,211.0093
20240508132001,212.75677
20240508133001,208.60952
20240508134001,204.81036
20240508135001,205.19398
20240508140001,205.78291
20240508141001,202.94977
20240508142001,199.51815
20240508143001,200.12823
20240508144001,197.19195
20240508145001,196.4958
20240508150001,194.19279
20240508151001,193.2399
20240508152001,191.51692
20240508153001,189.57514
20240508154001,188.8649
20240508155001,189.04878
20240508160001,235.02167
20240508161001,245.12166
20240508162001,264.8412
20240508163001,265.70953
20240508164001,284.71354
20240508165001,389.38236
20240510090001,550.23979
20240510091001,380.21335
20240510092001,383.73418
20240510093001,533.03266
20240510094001,579.24229
20240510095001,767.81688
20240510100001,882.4254
20240510101001,562.62566
20240510102001,548.94901
20240510103001,661.70828
20240510104001,469.94203
20240510105001,506.19898
20240510110001,416.79432
20240510111001,428.93023
20240510112001,427.88281
20240510113001,375.6976
20240510114001,352.45531
20240510115001,298.64836
20240510120001,245.60383
20240510121001,240.89602
20240510122001,230.06164
20240510123001,216.56202
20240510124001,211.59689
20240510125001,211.1748
20240510130001,213.9305
20240510131001,211.0093
20240510132001,212.75677
20240510133001,208.60952
20240510134001,204.81036
20240510135001,205.19398
20240510140001,205.78291
20240510141001,202.94977
20240510142001,199.51815
20240510143001,200.12823
20240510144001,197.19195
20240510145001,196.4958
20240510150001,194.19279
20240510151001,193.2399
20240510152001,191.51692
20240510153001,189.57514
20240510154001,188.8649
20240510155001,189.04878
20240510160001,235.02167
20240510161001,245.12166
20240510162001,264.8412
20240510163001,265.70953
20240510164001,284.71354
20240510165001,389.38236
20240524090001,252.6315
20240524091001,379.32981
20240524092001,471.46514
20240524093001,590.37146
20240524094001,712.73502
20240524095001,733.72353
20240524100001,519.34786
20240524101001,567.69744
20240524102001,632.67701
20240524103001,694.68092
20240524104001,476.00797
20240524105001,505.54055
20240524110001,416.79432
20240524111001,428.93023
20240524112001,427.88281
20240524113001,375.6976
20240524114001,352.45531
20240524115001,298.64836
20240524120001,245.60383
20240524121001,240.89602
20240524122001,230.06164
20240524123001,216.56202
20240524124001,211.59689
20240524125001,211.1748
20240524130001,213.9305
20240524131001,211.0093
20240524132001,212.75677
20240524133001,208.60952
20240524134001,204.81036
20240524135001,205.19398
20240524140001,205.78291
20240524141001,202.94977
20240524142001,199.51815
20240524143001,200.12823
20240524144001,197.19195
20240524145001,196.4958
20240524150001,194.19279
20240524151001,193.2399
20240524152001,191.51692
20240524153001,189.57514
20240524154001,188.8649
20240524155001,189.04878
20240524160001,235.02167
20240524161001,245.12166
20240524162001,264.8412
20240524163001,265.70953
20240524164001,284.71354
20240524165001,389.38236
20240623090001,724.82747
20240623091001,277.42991
20240623092001,332.5093
20240623093001,682.37952
20240623094001,976.3182
20240623095001,642.68996
20240623100001,808.0455
20240623101001,642.97041
20240623102001,396.87674
20240623103001,421.52715
20240623104001,430.55745
20240623105001,551.81112
20240623110001,416.79432
20240623111001,428.93023
20240623112001,427.88281
20240623113001,375.6976
20240623114001,352.45531
20240623115001,298.64836
20240623120001,245.60383
20240623121001,240.89602
20240623122001,230.06164
20240623123001,216.56202
20240623124001,211.59689
20240623125001,211.1748
20240623130001,213.9305
20240623131001,211.0093
20240623132001,212.75677
20240623133001,208.60952
20240623134001,204.81036
20240623135001,205.19398
20240623140001,205.78291
20240623141001,202.94977
20240623142001,199.51815
20240623143001,200.12823
20240623144001,197.19195
20240623145001,196.4958
20240623150001,194.19279
20240623151001,193.2399
20240623152001,191.51692
20240623153001,189.57514
20240623154001,188.8649
20240623155001,189.04878
20240623160001,235.02167
20240623161001,245.12166
20240623162001,264.8412
20240623163001,265.70953
20240623164001,284.71354
20240623165001,389.38236
20240627090001,665.4719
20240627091001,247.81702
20240627092001,337.0826
20240627093001,821.85422
20240627094001,940.48995
20240627095001,793.0531
20240627100001,895.10823
20240627101001,697.9634
20240627102001,419.28855
20240627103001,491.04339
20240627104001,468.66299
20240627105001,553.09586
20240627110001,416.79432
20240627111001,428.93023
20240627112001,427.88281
20240627113001,375.6976
20240627114001,352.45531
20240627115001,298.64836
20240627120001,245.60383
20240627121001,240.89602
20240627122001,230.06164
20240627123001,216.56202
20240627124001,211.59689
20240627125001,211.1748
20240627130001,213.9305
20240627131001,211.0093
20240627132001,212.75677
20240627133001,208.60952
20240627134001,204.81036
20240627135001,205.19398
20240627140001,205.78291
20240627141001,202.94977
20240627142001,199.51815
20240627143001,200.12823
20240627144001,197.19195
20240627145001,196.4958
20240627150001,194.19279
20240627151001,193.2399
20240627152001,191.51692
20240627153001,189.57514
20240627154001,188.8649
20240627155001,189.04878
20240627160001,235.02167
20240627161001,245.12166
20240627162001,264.8412
20240627163001,265.70953
20240627164001,284.71354
20240627165001,389.38236
20240713090001,680.77132
20240713091001,440.12881
20240713092001,441.1623
20240713093001,616.00367
20240713094001,782.4725
20240713095001,962.43539
20240713100001,951.41857
20240713101001,642.26856
20240713102001,496.47385
20240713103001,578.14336
20240713104001,469.55073
20240713105001,555.48794
20240713110001,416.79432
20240713111001,428.93023
20240713112001,427.88281
20240713113001,375.6976
20240713114001,352.45531
20240713115001,298.64836
20240713120001,245.60383
20240713121001,240.89602
20240713122001,230.06164
20240713123001,216.56202
20240713124001,211.59689
20240713125001,211.1748
20240713130001,213.9305
20240713131001,211.0093
20240713132001,212.75677
20240713133001,208.60952
20240713134001,204.81036
20240713135001,205.19398
20240713140001,205.78291
20240713141001,202.94977
20240713142001,199.51815
20240713143001,200.12823
20240713144001,197.19195
20240713145001,196.4958
20240713150001,194.19279
20240713151001,193.2399
20240713152001,191.51692
20240713153001,189.57514
20240713154001,188.8649
20240713155001,189.04878
20240713160001,235.02167
20240713161001,245.12166
20240713162001,264.8412
20240713163001,265.70953
20240713164001,284.71354
20240713165001,389.38236
20240715090001,653.66142
20240715091001,240.32157
20240715092001,328.92683
20240715093001,695.45383
20240715094001,856.31976
20240715095001,936.60981
20240715100001,961.61649
20240715101001,727.00976
20240715102001,477.29878
20240715103001,545.68057
20240715104001,471.00773
20240715105001,567.42933
20240715110001,416.79432
20240715111001,428.93023
20240715112001,427.88281
20240715113001,375.6976
20240715114001,352.45531
20240715115001,298.64836
20240715120001,245.60383
20240715121001,240.89602
20240715122001,230.06164
20240715123001,216.56202
20240715124001,211.59689
20240715125001,211.1748
20240715130001,213.9305
20240715131001,211.0093
20240715132001,212.75677
20240715133001,208.60952
20240715134001,204.81036
20240715135001,205.19398
20240715140001,205.78291
20240715141001,202.94977
20240715142001,199.51815
20240715143001,200.12823
20240715144001,197.19195
20240715145001,196.4958
20240715150001,194.19279
20240715151001,193.2399
20240715152001,191.51692
20240715153001,189.57514
20240715154001,188.8649
20240715155001,189.04878
20240715160001,235.02167
20240715161001,245.12166
20240715162001,264.8412
20240715163001,265.70953
20240715164001,284.71354
20240715165001,389.38236
20240927090004,569.36795
20240927091004,326.58915
20240927092004,557.31242
20240927093004,709.7744
20240927094004,784.7007
20240927095004,826.0474
20240927100004,860.33941
20240927101004,555.43554
20240927102004,464.49942
20240927103004,539.95082
20240927104004,468.78984
20240927105004,502.48844
20240927110004,416.79432
20240927111004,428.93023
20240927112004,427.88281
20240927113004,375.6976
20240927114004,352.45531
20240927115004,298.64836
20240927120004,245.60383
20240927121004,240.89602
20240927122004,230.06164
20240927123004,216.56202
20240927124004,211.59689
20240927125004,211.1748
20240927130004,213.9305
20240927131004,211.0093
20240927132004,212.75677
20240927133004,208.60952
20240927134004,204.81036
20240927135004,205.19398
20240927140004,205.78291
20240927141004,202.94977
20240927142004,199.51815
20240927143004,200.12823
20240927144004,197.19195
20240927145004,196.4958
20240927150004,194.19279
20240927151004,193.2399
20240927152004,191.51692
20240927153004,189.57514
20240927154004,188.8649
20240927155004,189.04878
20240927160004,235.02167
20240927161004,245.12166
20240927162004,264.8412
20240927163004,265.70953
20240927164004,284.71354
20240927165004,389.38236
20241018090004,779.32605
20241018091004,212.53926
20241018092004,337.71234
20241018093004,649.21405
20241018094004,838.70003
20241018095004,804.56999
20241018100004,875.03234
20241018101004,477.66568
20241018102004,393.37953
20241018103004,463.40843
20241018104004,472.16493
20241018105004,551.29988
20241018110004,416.79432
20241018111004,428.93023
20241018112004,427.88281
20241018113004,375.6976
20241018114004,352.45531
20241018115004,298.64836
20241018120004,245.60383
20241018121004,240.89602
20241018122004,230.06164
20241018123004,216.56202
20241018124004,211.59689
20241018125004,211.1748
20241018130004,213.9305
20241018131004,211.0093
20241018132004,212.75677
20241018133004,208.60952
20241018134004,204.81036
20241018135004,205.19398
20241018140004,205.78291
20241018141004,202.94977
20241018142004,199.51815
20241018143004,200.12823
20241018144004,197.19195
20241018145004,196.4958
20241018150004,194.19279
20241018151004,193.2399
20241018152004,191.51692
20241018153004,189.57514
20241018154004,188.8649
20241018155004,189.04878
20241018160004,235.02167
20241018161004,245.12166
20241018162004,264.8412
20241018163004,265.70953
20241018164004,284.71354
20241018165004,389.38236
20240918090007,198.43002
20240918091007,322.51671
20240918092007,349.10891
20240918093007,585.33055
20240918094007,794.79929
20240918095007,606.77203
20240918100007,395.34861
20240918101007,535.66756
20240918102007,655.99133
20240918103007,690.59046
20240918104007,473.41822
20240918105007,502.25324
20240918110007,416.79432
20240918111007,428.93023
20240918112007,427.88281
20240918113007,375.6976
20240918114007,352.45531
20240918115007,298.64836
20240918120007,245.60383
20240918121007,240.89602
20240918122007,230.06164
20240918123007,216.56202
20240918124007,211.59689
20240918125007,211.1748
20240918130007,213.9305
20240918131007,211.0093
20240918132007,212.75677
20240918133007,208.60952
20240918134007,204.81036
20240918135007,205.19398
20240918140007,205.78291
20240918141007,202.94977
20240918142007,199.51815
20240918143007,200.12823
20240918144007,197.19195
20240918145007,196.4958
20240918150007,194.19279
20240918151007,193.2399
20240918152007,191.51692
20240918153007,189.57514
20240918154007,188.8649
20240918155007,189.04878
20240918160007,235.02167
20240918161007,245.12166
20240918162007,264.8412
20240918163007,265.70953
20240918164007,284.71354
20240918165007,389.38236
20240920090007,830.49139
20240920091007,222.78186
20240920092007,354.8224
20240920093007,744.68403
20240920094007,914.91162
20240920095007,807.56845
20240920100007,869.70486
20240920101007,414.85776
20240920102007,393.81774
20240920103007,488.89774
20240920104007,471.11961
20240920105007,552.26109
20240920110007,416.79432
20240920111007,428.93023
20240920112007,427.88281
20240920113007,375.6976
20240920114007,352.45531
20240920115007,298.64836
20240920120007,245.60383
20240920121007,240.89602
20240920122007,230.06164
20240920123007,216.56202
20240920124007,211.59689
20240920125007,211.1748
20240920130007,213.9305
20240920131007,211.0093
20240920132007,212.75677
20240920133007,208.60952
20240920134007,204.81036
20240920135007,205.19398
20240920140007,205.78291
20240920141007,202.94977
20240920142007,199.51815
20240920143007,200.12823
20240920144007,197.19195
20240920145007,196.4958
20240920150007,194.19279
20240920151007,193.2399
20240920152007,191.51692
20240920153007,189.57514
20240920154007,188.8649
20240920155007,189.04878
20240920160007,235.02167
20240920161007,245.12166
20240920162007,264.8412
20240920163007,265.70953
20240920164007,284.71354
20240920165007,389.38236
20241016090007,876.22911
20241016091007,264.56662
20241016092007,384.67689
20241016093007,919.75975
20241016094007,917.43333
20241016095007,935.60887
20241016100007,971.87957
20241016101007,412.69374
20241016102007,420.56606
20241016103007,532.35058
20241016104007,477.03906
20241016105007,551.022
20241016110007,416.79432
20241016111007,428.93023
20241016112007,427.88281
20241016113007,375.6976
20241016114007,352.45531
20241016115007,298.64836
20241016120007,245.60383
20241016121007,240.89602
20241016122007,230.06164
20241016123007,216.56202
20241016124007,211.59689
20241016125007,211.1748
20241016130007,213.9305
20241016131007,211.0093
20241016132007,212.75677
20241016133007,208.60952
20241016134007,204.81036
20241016135007,205.19398
20241016140007,205.78291
20241016141007,202.94977
20241016142007,199.51815
20241016143007,200.12823
20241016144007,197.19195
20241016145007,196.4958
20241016150007,194.19279
20241016151007,193.2399
20241016152007,191.51692
20241016153007,189.57514
20241016154007,188.8649
20241016155007,189.04878
20241016160007,235.02167
20241016161007,245.12166
20241016162007,264.8412
20241016163007,265.70953
20241016164007,284.71354
20241016165007,389.38236
20240922090008,252.307
20240922091008,469.96216
20240922092008,389.45739
20240922093008,530.47534
20240922094008,647.52401
20240922095008,790.07939
20240922100008,698.25004
20240922101008,636.38493
20240922102008,594.83791
20240922103008,679.45513
20240922104008,470.94464
20240922105008,504.58473
20240922110008,416.79432
20240922111008,428.93023
20240922112008,427.88281
20240922113008,375.6976
20240922114008,352.45531
20240922115008,298.64836
20240922120008,245.60383
20240922121008,240.89602
20240922122008,230.06164
20240922123008,216.56202
20240922124008,211.59689
20240922125008,211.1748
20240922130008,213.9305
20240922131008,211.0093
20240922132008,212.75677
20240922133008,208.60952
20240922134008,204.81036
20240922135008,205.19398
20240922140008,205.78291
20240922141008,202.94977
20240922142008,199.51815
20240922143008,200.12823
20240922144008,197.19195
20240922145008,196.4958
20240922150008,194.19279
20240922151008,193.2399
20240922152008,191.51692
20240922153008,189.57514
20240922154008,188.8649
20240922155008,189.04878
20240922160008,235.02167
20240922161008,245.12166
20240922162008,264.8412
20240922163008,265.70953
20240922164008,284.71354
20240922165008,389.38236
20240928090008,212.45402
20240928091008,325.22949
20240928092008,419.76828
20240928093008,623.82264
20240928094008,802.24639
20240928095008,709.95225
20240928100008,432.68656
20240928101008,545.84654
20240928102008,636.9064
20240928103008,673.16153
20240928104008,470.64146
20240928105008,499.51398
20240928110008,416.79432
20240928111008,428.93023
20240928112008,427.88281
20240928113008,375.6976
20240928114008,352.45531
20240928115008,298.64836
20240928120008,245.60383
20240928121008,240.89602
20240928122008,230.06164
20240928123008,216.56202
20240928124008,211.59689
20240928125008,211.1748
20240928130008,213.9305
20240928131008,211.0093
20240928132008,212.75677
20240928133008,208.60952
20240928134008,204.81036
20240928135008,205.19398
20240928140008,205.78291
20240928141008,202.94977
20240928142008,199.51815
20240928143008,200.12823
20240928144008,197.19195
20240928145008,196.4958
20240928150008,194.19279
20240928151008,193.2399
20240928152008,191.51692
20240928153008,189.57514
20240928154008,188.8649
20240928155008,189.04878
20240928160008,235.02167
20240928161008,245.12166
20240928162008,264.8412
20240928163008,265.70953
20240928164008,284.71354
20240928165008,389.38236
20241011090008,228.48549
20241011091008,364.44146
20241011092008,395.1544
20241011093008,628.16754
20241011094008,722.19263
20241011095008,627.51195
20241011100008,429.54224
20241011101008,552.99355
20241011102008,651.17472
20241011103008,683.92814
20241011104008,474.96493
20241011105008,498.64957
20241011110008,416.79432
20241011111008,428.93023
20241011112008,427.88281
20241011113008,375.6976
20241011114008,352.45531
20241011115008,298.64836
20241011120008,245.60383
20241011121008,240.89602
20241011122008,230.06164
20241011123008,216.56202
20241011124008,211.59689
20241011125008,211.1748
20241011130008,213.9305
20241011131008,211.0093
20241011132008,212.75677
20241011133008,208.60952
20241011134008,204.81036
20241011135008,205.19398
20241011140008,205.78291
20241011141008,202.94977
20241011142008,199.51815
20241011143008,200.12823
20241011144008,197.19195
20241011145008,196.4958
20241011150008,194.19279
20241011151008,193.2399
20241011152008,191.51692
20241011153008,189.57514
20241011154008,188.8649
20241011155008,189.04878
20241011160008,235.02167
20241011161008,245.12166
20241011162008,264.8412
20241011163008,265.70953
20241011164008,284.71354
20241011165008,389.38236
20241016090008,267.53343
20241016091008,204.87687
20241016092008,326.2057
20241016093008,691.45204
20241016094008,795.29014
20241016095008,870.25286
20241016100008,732.03604
20241016101008,469.34395
20241016102008,424.10703
20241016103008,644.46326
20241016104008,560.55907
20241016105008,546.02357
20241016110008,416.79432
20241016111008,428.93023
20241016112008,427.88281
20241016113008,375.6976
20241016114008,352.45531
20241016115008,298.64836
20241016120008,245.60383
20241016121008,240.89602
20241016122008,230.06164
20241016123008,216.56202
20241016124008,211.59689
20241016125008,211.1748
20241016130008,213.9305
20241016131008,211.0093
20241016132008,212.75677
20241016133008,208.60952
20241016134008,204.81036
20241016135008,205.19398
20241016140008,205.78291
20241016141008,202.94977
20241016142008,199.51815
20241016143008,200.12823
20241016144008,197.19195
20241016145008,196.4958
20241016150008,194.19279
20241016151008,193.2399
20241016152008,191.51692
20241016153008,189.57514
20241016154008,188.8649
20241016155008,189.04878
20241016160008,235.02167
20241016161008,245.12166
20241016162008,264.8412
20241016163008,265.70953
20241016164008,284.71354
20241016165008,389.38236
20241018090008,276.19342
20241018091008,206.96369
20241018092008,329.55914
20241018093008,600.10138
20241018094008,765.87665
20241018095008,674.49074
20241018100008,701.37411
20241018101008,461.63922
20241018102008,403.54597
20241018103008,638.65113
20241018104008,559.76788
20241018105008,513.74607
20241018110008,416.79432
20241018111008,428.93023
20241018112008,427.88281
20241018113008,375.6976
20241018114008,352.45531
20241018115008,298.64836
20241018120008,245.60383
20241018121008,240.89602
20241018122008,230.06164
20241018123008,216.56202
20241018124008,211.59689
20241018125008,211.1748
20241018130008,213.9305
20241018131008,211.0093
20241018132008,212.75677
20241018133008,208.60952
20241018134008,204.81036
20241018135008,205.19398
20241018140008,205.78291
20241018141008,202.94977
20241018142008,199.51815
20241018143008,200.12823
20241018144008,197.19195
20241018145008,196.4958
20241018150008,194.19279
20241018151008,193.2399
20241018152008,191.51692
20241018153008,189.57514
20241018154008,188.8649
20241018155008,189.04878
20241018160008,235.02167
20241018161008,245.12166
20241018162008,264.8412
20241018163008,265.70953
20241018164008,284.71354
20241018165008,389.38236
20241028090008,246.14884
20241028091008,387.74425
20241028092008,371.76255
20241028093008,597.09118
20241028094008,709.88138
20241028095008,821.69349
20241028100008,550.27129
20241028101008,576.47536
20241028102008,642.91954
20241028103008,704.09809
20241028104008,496.48083
20241028105008,505.68338
20241028110008,416.79432
20241028111008,428.93023
20241028112008,427.88281
20241028113008,375.6976
20241028114008,352.45531
20241028115008,298.64836
20241028120008,245.60383
20241028121008,240.89602
20241028122008,230.06164
20241028123008,216.56202
20241028124008,211.59689
20241028125008,211.1748
20241028130008,213.9305
20241028131008,211.0093
20241028132008,212.75677
20241028133008,208.60952
20241028134008,204.81036
20241028135008,205.19398
20241028140008,205.78291
20241028141008,202.94977
20241028142008,199.51815
20241028143008,200.12823
20241028144008,197.19195
20241028145008,196.4958
20241028150008,194.19279
20241028151008,193.2399
20241028152008,191.51692
20241028153008,189.57514
20241028154008,188.8649
20241028155008,189.04878
20241028160008,235.02167
20241028161008,245.12166
20241028162008,264.8412
20241028163008,265.70953
20241028164008,284.71354
20241028165008,389.38236
20240922090009,314.4216
20240922091009,396.62884
20240922092009,387.54928
20240922093009,469.88116
20240922094009,633.40172
20240922095009,800.25503
20240922100009,798.37903
20240922101009,656.42484
20240922102009,553.35941
20240922103009,649.31715
20240922104009,469.56205
20240922105009,505.26959
20240922110009,416.79432
20240922111009,428.93023
20240922112009,427.88281
20240922113009,375.6976
20240922114009,352.45531
20240922115009,298.64836
20240922120009,245.60383
20240922121009,240.89602
20240922122009,230.06164
20240922123009,216.56202
20240922124009,211.59689
20240922125009,211.1748
20240922130009,213.9305
20240922131009,211.0093
20240922132009,212.75677
20240922133009,208.60952
20240922134009,204.81036
20240922135009,205.19398
20240922140009,205.78291
20240922141009,202.94977
20240922142009,199.51815
20240922143009,200.12823
20240922144009,197.19195
20240922145009,196.4958
20240922150009,194.19279
20240922151009,193.2399
20240922152009,191.51692
20240922153009,189.57514
20240922154009,188.8649
20240922155009,189.04878
20240922160009,235.02167
20240922161009,245.12166
20240922162009,264.8412
20240922163009,265.70953
20240922164009,284.71354
20240922165009,389.38236
20240928090009,229.69765
20240928091009,324.84956
20240928092009,394.06511
20240928093009,543.50263
20240928094009,696.73813
20240928095009,811.52934
20240928100009,809.27028
20240928101009,647.9228
20240928102009,535.10436
20240928103009,599.3288
20240928104009,455.15705
20240928105009,499.22449
20240928110009,416.79432
20240928111009,428.93023
20240928112009,427.88281
20240928113009,375.6976
20240928114009,352.45531
20240928115009,298.64836
20240928120009,245.60383
20240928121009,240.89602
20240928122009,230.06164
20240928123009,216.56202
20240928124009,211.59689
20240928125009,211.1748
20240928130009,213.9305
20240928131009,211.0093
20240928132009,212.75677
20240928133009,208.60952
20240928134009,204.81036
20240928135009,205.19398
20240928140009,205.78291
20240928141009,202.94977
20240928142009,199.51815
20240928143009,200.12823
20240928144009,197.19195
20240928145009,196.4958
20240928150009,194.19279
20240928151009,193.2399
20240928152009,191.51692
20240928153009,189.57514
20240928154009,188.8649
20240928155009,189.04878
20240928160009,235.02167
20240928161009,245.12166
20240928162009,264.8412
20240928163009,265.70953
20240928164009,284.71354
20240928165009,389.38236
20240920090010,722.69123
20240920091010,320.16662
20240920092010,443.22291
20240920093010,617.38173
20240920094010,893.98944
20240920095010,833.23273
20240920100010,894.08574
20240920101010,685.18416
20240920102010,400.31623
20240920103010,440.93509
20240920104010,471.26111
20240920105010,549.54119
20240920110010,416.79432
20240920111010,428.93023
20240920112010,427.88281
20240920113010,375.6976
20240920114010,352.45531
20240920115010,298.64836
20240920120010,245.60383
20240920121010,240.89602
20240920122010,230.06164
20240920123010,216.56202
20240920124010,211.59689
20240920125010,211.1748
20240920130010,213.9305
20240920131010,211.0093
20240920132010,212.75677
20240920133010,208.60952
20240920134010,204.81036
20240920135010,205.19398
20240920140010,205.78291
20240920141010,202.94977
20240920142010,199.51815
20240920143010,200.12823
20240920144010,197.19195
20240920145010,196.4958
20240920150010,194.19279
20240920151010,193.2399
20240920152010,191.51692
20240920153010,189.57514
20240920154010,188.8649
20240920155010,189.04878
20240920160010,235.02167
20240920161010,245.12166
20240920162010,264.8412
20240920163010,265.70953
20240920164010,284.71354
20240920165010,389.38236
20240928090010,460.13179
20240928091010,376.7064
20240928092010,374.20418
20240928093010,551.56936
20240928094010,709.11155
20240928095010,822.12425
20240928100010,883.89135
20240928101010,647.97782
20240928102010,559.68277
20240928103010,628.91945
20240928104010,471.33822
20240928105010,499.34087
20240928110010,416.79432
20240928111010,428.93023
20240928112010,427.88281
20240928113010,375.6976
20240928114010,352.45531
20240928115010,298.64836
20240928120010,245.60383
20240928121010,240.89602
20240928122010,230.06164
20240928123010,216.56202
20240928124010,211.59689
20240928125010,211.1748
20240928130010,213.9305
20240928131010,211.0093
20240928132010,212.75677
20240928133010,208.60952
20240928134010,204.81036
20240928135010,205.19398
20240928140010,205.78291
20240928141010,202.94977
20240928142010,199.51815
20240928143010,200.12823
20240928144010,197.19195
20240928145010,196.4958
20240928150010,194.19279
20240928151010,193.2399
20240928152010,191.51692
20240928153010,189.57514
20240928154010,188.8649
20240928155010,189.04878
20240928160010,235.02167
20240928161010,245.12166
20240928162010,264.8412
20240928163010,265.70953
20240928164010,284.71354
20240928165010,389.38236
20240919090012,219.97233
20240919091012,227.49204
20240919092012,371.8993
20240919093012,589.51437
20240919094012,705.68933
20240919095012,794.65924
20240919100012,699.70625
20240919101012,410.0042
20240919102012,411.61187
20240919103012,643.33805
20240919104012,561.91512
20240919105012,504.33984
20240919110012,416.79432
20240919111012,428.93023
20240919112012,427.88281
20240919113012,375.6976
20240919114012,352.45531
20240919115012,298.64836
20240919120012,245.60383
20240919121012,240.89602
20240919122012,230.06164
20240919123012,216.56202
20240919124012,211.59689
20240919125012,211.1748
20240919130012,213.9305
20240919131012,211.0093
20240919132012,212.75677
20240919133012,208.60952
20240919134012,204.81036
20240919135012,205.19398
20240919140012,205.78291
20240919141012,202.94977
20240919142012,199.51815
20240919143012,200.12823
20240919144012,197.19195
20240919145012,196.4958
20240919150012,194.19279
20240919151012,193.2399
20240919152012,191.51692
20240919153012,189.57514
20240919154012,188.8649
20240919155012,189.04878
20240919160012,235.02167
20240919161012,245.12166
20240919162012,264.8412
20240919163012,265.70953
20240919164012,284.71354
20240919165012,389.38236
20240923090012,206.84108
20240923091012,306.7209
20240923092012,418.31825
20240923093012,660.32959
20240923094012,835.98395
20240923095012,681.81616
20240923100012,384.12111
20240923101012,495.54962
20240923102012,630.31532
20240923103012,648.79192
20240923104012,472.19397
20240923105012,497.38233
20240923110012,416.79432
20240923111012,428.93023
20240923112012,427.88281
20240923113012,375.6976
20240923114012,352.45531
20240923115012,298.64836
20240923120012,245.60383
20240923121012,240.89602
20240923122012,230.06164
20240923123012,216.56202
20240923124012,211.59689
20240923125012,211.1748
20240923130012,213.9305
20240923131012,211.0093
20240923132012,212.75677
20240923133012,208.60952
20240923134012,204.81036
20240923135012,205.19398
20240923140012,205.78291
20240923141012,202.94977
20240923142012,199.51815
20240923143012,200.12823
20240923144012,197.19195
20240923145012,196.4958
20240923150012,194.19279
20240923151012,193.2399
20240923152012,191.51692
20240923153012,189.57514
20240923154012,188.8649
20240923155012,189.04878
20240923160012,235.02167
20240923161012,245.12166
20240923162012,264.8412
20240923163012,265.70953
20240923164012,284.71354
20240923165012,389.38236
20241002090012,300.50447
20241002091012,327.94431
20241002092012,385.8217
20241002093012,553.87812
20241002094012,683.95669
20241002095012,634.70217
20241002100012,439.01664
20241002101012,562.77028
20241002102012,670.52256
20241002103012,703.09883
20241002104012,474.61155
20241002105012,505.20945
20241002110012,416.79432
20241002111012,428.93023
20241002112012,427.88281
20241002113012,375.6976
20241002114012,352.45531
20241002115012,298.64836
20241002120012,245.60383
20241002121012,240.89602
20241002122012,230.06164
20241002123012,216.56202
20241002124012,211.59689
20241002125012,211.1748
20241002130012,213.9305
20241002131012,211.0093
20241002132012,212.75677
20241002133012,208.60952
20241002134012,204.81036
20241002135012,205.19398
20241002140012,205.78291
20241002141012,202.94977
20241002142012,199.51815
20241002143012,200.12823
20241002144012,197.19195
20241002145012,196.4958
20241002150012,194.19279
20241002151012,193.2399
20241002152012,191.51692
20241002153012,189.57514
20241002154012,188.8649
20241002155012,189.04878
20241002160012,235.02167
20241002161012,245.12166
20241002162012,264.8412
20241002163012,265.70953
20241002164012,284.71354
20241002165012,389.38236
